Sort :
14
28
29
42
46
53
61
61
66
66
69
77
80
94
105
110
119
125
128
131
133
134
141
156
157
171
171
188
191
194
196
203
207
210
230
234
242
247
250
261
272
285
292
305
312
314
315
317
322
325
326
337
347
352
365
379
381
382
390
390
410
426
428
429
430
432
443
450
450
463
465
468
479
495
503
511
513
514
515
519
522
524
535
538
543
545
550
550
551
551
554
568
570
575
582
588
594
596
596
601
608
609
628
634
639
642
645
647
650
659
669
670
671
671
690
700
702
706
715
715
716
719
730
733
734
741
752
753
754
757
758
762
767
773
779
779
786
797
798
808
808
809
813
821
833
836
849
850
852
863
871
872
874
875
876
879
887
897
897
899
901
905
917
922
930
939
943
945
945
949
953
957
958
959
960
962
963
964
967
971
979
979
986
988
990
991
992
994
1001
1003
1004
1015
1016
1018
1022
1036
1042
1044
1046
1047
1051
1057
1065
1067
1070
1070
1078
1089
1089
1102
1104
1120
1128
1132
1137
1138
1139
1153
1158
1160
1166
1166
1167
1168
1168
1180
1183
1189
1196
1199
1204
1206
1208
1230
1235
1242
1245
1252
1253
1267
1268
1270
1272
1278
1281
1291
1294
1294
1302
1305
1314
1314
1317
1317
1322
1328
1335
1343
1348
1353
1354
1365
1369
1371
1375
1375
1391
1399
1403
1407
1408
1412
1414
1418
1419
1421
1423
1425
1425
1429
1430
1436
1442
1456
1457
1459
1460
1470
1485
1499
1500
1503
1509
1510
1511
1511
1522
1535
1539
1540
1547
1554
1556
1558
1561
1564
1567
1573
1573
1574
1576
1580
1581
1587
1589
1590
1592
1596
1600
1610
1612
1616
1621
1621
1624
1624
1627
1632
1636
1636
1637
1650
1650
1664
1670
1675
1680
1682
1691
1701
1702
1703
1708
1717
1721
1722
1730
1733
1740
1767
1770
1776
1777
1784
1802
1810
1820
1820
1832
1836
1847
1852
1871
1885
1887
1891
1893
1901
1909
1944
1946
1953
1956
1960
1960
1961
1976
2007
2014
2019
2021
2025
2029
2033
2039
2044
2046
2048
2052
2056
2057
2060
2062
2064
2080
2084
2085
2092
2100
2100
2103
2119
2119
2126
2138
2142
2143
2146
2146
2156
2157
2163
2165
2168
2169
2174
2179
2182
2190
2195
2198
2203
2213
2225
2227
2236
2241
2248
2256
2260
2269
2269
2270
2282
2284
2301
2311
2312
2323
2326
2333
2335
2337
2339
2345
2347
2355
2359
2363
2363
2367
2369
2374
2376
2380
2383
2385
2390
2392
2392
2401
2404
2405
2409
2412
2412
2419
2422
2430
2439
2440
2443
2444
2448
2448
2456
2462
2465
2477
2486
2486
2492
2494
2497
2506
2509
2510
2514
2515
2520
2523
2543
2545
2553
2570
2579
2596
2597
2599
2603
2603
2605
2607
2609
2611
2619
2621
2624
2631
2632
2632
2633
2647
2649
2656
2664
2665
2670
2678
2683
2683
2690
2693
2702
2730
2732
2734
2751
2753
2760
2765
2772
2772
2781
2783
2789
2793
2797
2799
2803
2809
2810
2826
2828
2830
2838
2839
2853
2857
2866
2872
2878
2892
2893
2894
2894
2905
2907
2907
2917
2924
2929
2934
2943
2943
2946
2954
2966
2968
2983
2985
2993
2996
3008
3009
3009
3018
3020
3022
3026
3026
3029
3036
3037
3039
3041
3043
3047
3054
3057
3061
3076
3081
3082
3084
3088
3090
3091
3094
3096
3097
3098
3103
3104
3110
3117
3124
3124
3125
3128
3131
3135
3137
3139
3141
3158
3158
3161
3168
3168
3170
3172
3173
3178
3185
3187
3187
3191
3203
3207
3213
3213
3219
3229
3232
3236
3240
3241
3242
3244
3255
3264
3268
3283
3284
3290
3292
3296
3306
3306
3309
3310
3312
3312
3319
3320
3321
3328
3341
3344
3345
3352
3362
3365
3369
3373
3383
3385
3389
3395
3404
3407
3418
3422
3426
3428
3428
3429
3430
3435
3436
3438
3447
3448
3448
3452
3453
3454
3457
3459
3460
3467
3469
3470
3474
3474
3475
3476
3477
3478
3481
3490
3493
3506
3508
3509
3510
3513
3521
3522
3524
3524
3527
3531
3535
3536
3538
3544
3554
3558
3562
3564
3567
3568
3573
3574
3579
3584
3586
3592
3596
3606
3608
3617
3621
3623
3624
3630
3631
3633
3639
3649
3658
3668
3678
3679
3681
3682
3688
3695
3701
3703
3706
3709
3715
3720
3734
3734
3739
3748
3750
3752
3765
3770
3771
3778
3781
3783
3787
3788
3800
3806
3806
3807
3813
3816
3816
3819
3821
3822
3826
3833
3837
3845
3853
3855
3860
3870
3872
3884
3885
3885
3891
3896
3898
3915
3921
3922
3923
3936
3938
3939
3940
3941
3947
3952
3952
3958
3971
3978
3979
3979
3979
3986
3991
3993
3999
3999
4004
4005
4005
4010
4011
4012
4013
4014
4024
4028
4029
4033
4035
4041
4044
4047
4051
4058
4058
4060
4061
4065
4067
4069
4074
4075
4075
4083
4084
4085
4097
4107
4108
4116
4121
4129
4156
4159
4160
4161
4178
4179
4181
4188
4188
4200
4201
4207
4210
4216
4218
4219
4221
4223
4234
4234
4240
4243
4248
4250
4253
4255
4255
4257
4260
4269
4270
4276
4288
4290
4290
4300
4306
4311
4311
4317
4329
4339
4343
4344
4349
4351
4355
4379
4382
4385
4385
4389
4391
4401
4403
4410
4411
4414
4415
4417
4447
4450
4452
4453
4456
4460
4460
4462
4473
4475
4482
4489
4490
4497
4498
4505
4507
4512
4512
4513
4525
4529
4554
4564
4567
4569
4575
4579
4580
4602
4608
4608
4615
4616
4618
4620
4624
4628
4635
4647
4651
4660
4665
4672
4676
4678
4682
4695
4707
4732
4736
4741
4741
4750
4757
4782
4788
4789
4791
4796
4808
4809
4815
4815
4834
4840
4846
4865
4870
4878
4879
4882
4882
4884
4898
4900
4906
4908
4908
4909
4916
4916
4929
4936
4937
4937
4938
4940
4942
4947
4949
4958
4973
4976
4979
4979
4985
4992
4993
5005
5005
5006
5011
5023
5027
5038
5039
5066
5068
5091
5092
5092
5094
5100
5107
5111
5113
5113
5113
5117
5122
5126
5127
5133
5136
5137
5144
5146
5148
5154
5156
5159
5165
5170
5171
5173
5174
5179
5183
5185
5186
5193
5199
5202
5211
5214
5216
5222
5222
5229
5233
5236
5242
5246
5251
5251
5252
5257
5263
5264
5270
5272
5279
5297
5305
5314
5322
5331
5334
5339
5346
5347
5358
5358
5359
5370
5375
5379
5395
5399
5400
5400
5409
5412
5412
5426
5427
5433
5434
5440
5440
5455
5456
5457
5469
5479
5479
5481
5497
5497
5497
5502
5511
5513
5515
5520
5524
5529
5529
5534
5535
5540
5546
5552
5563
5564
5568
5576
5577
5582
5589
5593
5593
5593
5608
5610
5611
5613
5614
5621
5624
5625
5625
5630
5632
5636
5643
5647
5660
5661
5661
5666
5671
5673
5677
5685
5691
5694
5696
5699
5700
5713
5720
5724
5725
5729
5741
5743
5744
5744
5745
5745
5756
5757
5760
5767
5775
5781
5791
5792
5793
5806
5806
5806
5814
5815
5819
5828
5828
5842
5842
5854
5854
5855
5856
5862
5864
5874
5879
5885
5904
5905
5918
5920
5928
5932
5942
5947
5948
5948
5960
5962
5967
5975
5986
5986
5992
6017
6019
6019
6021
6024
6029
6030
6031
6033
6035
6035
6037
6039
6042
6044
6052
6056
6062
6065
6065
6068
6077
6079
6086
6092
6094
6098
6098
6100
6104
6108
6116
6118
6119
6126
6132
6138
6144
6145
6149
6162
6164
6166
6166
6169
6172
6173
6176
6204
6208
6214
6217
6224
6225
6230
6242
6248
6253
6258
6262
6287
6291
6291
6292
6294
6298
6301
6305
6307
6307
6311
6315
6316
6319
6321
6323
6331
6339
6342
6351
6352
6353
6374
6382
6382
6392
6396
6398
6407
6412
6414
6416
6430
6448
6461
6462
6471
6477
6477
6491
6496
6501
6501
6507
6528
6529
6532
6536
6536
6542
6559
6559
6561
6564
6567
6568
6568
6570
6583
6585
6589
6597
6600
6601
6602
6606
6615
6621
6626
6628
6630
6633
6637
6641
6651
6658
6659
6662
6669
6670
6671
6674
6682
6683
6685
6694
6714
6722
6731
6731
6738
6739
6748
6762
6763
6765
6770
6775
6791
6796
6796
6798
6807
6812
6820
6827
6854
6862
6865
6865
6866
6871
6877
6891
6892
6893
6894
6897
6899
6905
6910
6917
6926
6929
6935
6941
6953
6958
6962
6968
6970
6976
6982
6983
6991
6999
6999
7002
7003
7010
7011
7011
7016
7017
7024
7027
7040
7042
7044
7045
7047
7049
7057
7062
7069
7079
7083
7085
7086
7086
7097
7098
7100
7104
7111
7114
7133
7135
7139
7139
7140
7144
7144
7147
7148
7149
7150
7167
7167
7168
7168
7172
7177
7177
7186
7190
7191
7191
7196
7196
7200
7215
7231
7239
7261
7273
7276
7283
7289
7290
7291
7294
7307
7324
7326
7333
7338
7339
7344
7346
7346
7349
7357
7360
7361
7366
7373
7376
7377
7384
7385
7387
7392
7396
7398
7401
7411
7420
7423
7424
7431
7431
7433
7435
7444
7448
7451
7454
7454
7454
7455
7459
7466
7468
7479
7480
7481
7487
7496
7498
7503
7512
7518
7539
7546
7548
7557
7563
7564
7570
7573
7583
7592
7596
7600
7604
7606
7606
7608
7612
7623
7629
7631
7640
7640
7643
7645
7651
7651
7657
7663
7671
7678
7685
7690
7694
7700
7716
7723
7724
7726
7727
7728
7731
7733
7736
7737
7738
7747
7757
7779
7786
7792
7796
7797
7802
7804
7809
7810
7814
7823
7839
7855
7861
7871
7871
7883
7886
7887
7887
7900
7900
7900
7901
7903
7910
7920
7922
7924
7926
7937
7943
7943
7944
7944
7946
7948
7958
7958
7965
7966
7968
7969
7969
7970
7974
7976
7981
7990
7993
8007
8009
8012
8021
8033
8036
8040
8042
8047
8049
8062
8065
8066
8066
8076
8081
8090
8108
8112
8124
8134
8138
8143
8143
8156
8160
8175
8176
8179
8184
8191
8191
8195
8195
8209
8210
8211
8217
8221
8228
8229
8235
8244
8246
8249
8253
8254
8258
8262
8263
8267
8273
8276
8288
8288
8292
8312
8323
8324
8326
8338
8345
8352
8354
8355
8356
8359
8360
8370
8371
8379
8389
8393
8395
8406
8408
8410
8413
8418
8430
8436
8438
8438
8451
8454
8462
8468
8469
8479
8494
8496
8498
8499
8508
8514
8525
8526
8529
8530
8545
8549
8558
8559
8568
8575
8575
8582
8586
8590
8599
8616
8616
8619
8627
8629
8629
8631
8646
8647
8649
8653
8655
8657
8659
8674
8677
8680
8692
8695
8695
8702
8704
8733
8737
8741
8745
8756
8758
8758
8768
8778
8784
8792
8800
8802
8804
8805
8813
8822
8824
8824
8831
8832
8832
8839
8848
8852
8857
8858
8859
8861
8862
8869
8872
8880
8881
8885
8887
8887
8889
8898
8900
8903
8904
8907
8914
8922
8924
8930
8942
8943
8947
8948
8950
8951
8954
8959
8961
8963
8963
8984
8986
8995
8996
8999
9001
9004
9009
9012
9016
9020
9020
9023
9028
9033
9038
9058
9068
9079
9080
9084
9084
9086
9098
9099
9110
9113
9116
9117
9119
9125
9127
9130
9130
9131
9138
9144
9152
9156
9173
9175
9182
9190
9192
9196
9196
9199
9208
9212
9212
9214
9222
9225
9225
9232
9237
9241
9245
9248
9252
9258
9260
9261
9264
9269
9286
9289
9290
9303
9305
9307
9309
9336
9338
9341
9349
9353
9354
9354
9356
9377
9387
9392
9394
9396
9396
9399
9408
9416
9423
9424
9432
9437
9443
9452
9455
9458
9458
9462
9463
9470
9472
9476
9481
9482
9484
9486
9486
9498
9500
9502
9508
9512
9513
9519
9521
9530
9549
9551
9554
9560
9563
9576
9586
9590
9602
9606
9609
9611
9617
9618
9622
9633
9636
9636
9641
9644
9645
9648
9655
9657
9658
9661
9675
9684
9692
9692
9698
9699
9705
9707
9718
9721
9725
9749
9754
9769
9777
9784
9786
9789
9794
9797
9799
9799
9811
9812
9818
9819
9827
9828
9828
9830
9836
9856
9868
9877
9892
9895
9908
9909
9910
9913
9915
9916
9916
9918
9930
9932
9933
9940
9941
9959
9959
9962
9962
9963
9967
9968
9969
9969
9975
9979
9979
9993
9994
9995
9996
10007
10010
10011
10025
10029
10036
10039
10046
10048
10050
10056
10058
10068
10073
10079
10082
10089
10092
10111
10120
10122
10122
10123
10125
10126
10127
10143
10145
10148
10163
10163
10190
10194
10197
10205
10208
10218
10231
10242
10250
10252
10256
10257
10257
10263
10264
10264
10269
10270
10272
10285
10286
10289
10294
10295
10296
10299
10304
10307
10323
10324
10327
10339
10349
10354
10356
10368
10376
10389
10396
10397
10397
10400
10405
10406
10411
10416
10416
10420
10429
10430
10431
10431
10433
10433
10438
10439
10450
10455
10459
10467
10467
10469
10474
10475
10476
10489
10494
10495
10498
10501
10503
10503
10508
10512
10513
10513
10521
10525
10525
10530
10537
10545
10556
10562
10571
10573
10581
10585
10585
10585
10593
10593
10601
10608
10616
10635
10636
10636
10637
10645
10653
10661
10683
10684
10686
10688
10690
10692
10694
10695
10700
10716
10723
10735
10739
10749
10772
10778
10780
10795
10799
10801
10804
10809
10809
10811
10817
10818
10829
10837
10839
10848
10852
10853
10865
10865
10871
10874
10883
10909
10923
10924
10932
10942
10945
10957
10957
10959
10959
10965
10967
10968
10969
10972
10972
10981
10988
10992
10996
10997
11000
11005
11008
11014
11024
11035
11043
11048
11048
11054
11056
11061
11068
11072
11072
11077
11085
11085
11097
11105
11114
11120
11121
11121
11127
11137
11142
11144
11149
11155
11165
11174
11181
11183
11196
11199
11207
11209
11211
11217
11220
11222
11222
11225
11229
11232
11233
11236
11238
11240
11241
11243
11268
11275
11277
11297
11297
11299
11300
11304
11314
11316
11321
11325
11325
11327
11327
11333
11334
11334
11334
11345
11354
11356
11361
11364
11383
11391
11397
11399
11400
11402
11414
11414
11414
11420
11431
11434
11434
11441
11441
11444
11449
11455
11463
11474
11482
11487
11490
11508
11522
11523
11531
11532
11532
11542
11551
11554
11557
11557
11566
11566
11573
11576
11581
11586
11588
11597
11598
11598
11606
11617
11619
11623
11629
11633
11634
11636
11637
11639
11644
11646
11647
11648
11648
11650
11657
11659
11660
11664
11674
11680
11683
11683
11685
11688
11688
11693
11696
11705
11707
11708
11715
11718
11721
11725
11728
11729
11729
11742
11743
11748
11759
11764
11764
11772
11784
11793
11794
11795
11795
11801
11806
11809
11811
11813
11820
11821
11822
11822
11823
11824
11827
11827
11830
11831
11833
11833
11839
11840
11840
11844
11854
11857
11861
11865
11874
11874
11885
11889
11890
11892
11893
11894
11898
11901
11905
11915
11915
11916
11922
11942
11946
11947
11947
11950
11951
11961
11969
11971
11977
11984
11985
11985
11989
11994
12002
12002
12002
12007
12010
12012
12016
12033
12039
12039
12041
12043
12044
12047
12055
12062
12063
12070
12071
12074
12075
12086
12091
12092
12094
12098
12099
12101
12110
12110
12114
12114
12117
12124
12126
12128
12134
12143
12151
12152
12152
12155
12158
12159
12171
12175
12175
12181
12181
12182
12186
12188
12202
12203
12204
12208
12210
12215
12222
12226
12228
12239
12241
12246
12257
12260
12272
12273
12276
12277
12278
12283
12294
12306
12307
12309
12311
12312
12315
12329
12335
12337
12338
12344
12345
12349
12357
12358
12369
12386
12393
12397
12406
12423
12424
12439
12457
12462
12462
12462
12462
12468
12470
12471
12477
12477
12478
12483
12485
12487
12490
12498
12504
12505
12520
12521
12525
12526
12527
12528
12536
12537
12540
12540
12542
12543
12543
12545
12547
12548
12550
12552
12553
12555
12565
12568
12568
12572
12579
12590
12593
12610
12628
12628
12629
12638
12643
12645
12656
12656
12658
12658
12669
12683
12685
12685
12687
12707
12709
12711
12717
12722
12723
12724
12731
12732
12732
12734
12746
12747
12748
12751
12753
12753
12756
12757
12765
12773
12778
12781
12786
12788
12788
12790
12790
12810
12815
12816
12819
12826
12830
12831
12846
12859
12862
12864
12865
12869
12876
12877
12882
12889
12891
12891
12891
12897
12899
12899
12899
12904
12920
12929
12935
12940
12943
12945
12959
12966
12968
12968
12981
12993
12994
13000
13007
13009
13011
13013
13020
13027
13045
13047
13061
13065
13067
13077
13082
13083
13083
13086
13090
13102
13103
13114
13145
13147
13148
13153
13162
13163
13167
13177
13184
13187
13190
13192
13192
13203
13213
13216
13220
13239
13241
13258
13267
13283
13302
13307
13315
13315
13317
13319
13321
13339
13343
13343
13354
13356
13368
13371
13377
13386
13387
13390
13395
13398
13399
13405
13409
13410
13413
13429
13430
13432
13439
13446
13446
13449
13454
13456
13456
13467
13467
13470
13474
13474
13475
13477
13482
13493
13503
13510
13519
13520
13522
13524
13529
13531
13531
13532
13540
13541
13543
13554
13555
13561
13562
13563
13576
13585
13597
13604
13606
13608
13612
13612
13614
13616
13619
13620
13624
13635
13638
13664
13666
13668
13669
13673
13679
13680
13684
13686
13707
13715
13718
13726
13727
13729
13729
13735
13735
13736
13741
13743
13748
13753
13765
13765
13767
13768
13772
13776
13782
13786
13797
13833
13838
13853
13858
13871
13872
13884
13885
13894
13912
13921
13928
13938
13941
13941
13943
13945
13956
13960
13960
13963
13965
13966
13981
13982
13990
13991
13991
13997
14001
14002
14010
14010
14012
14018
14025
14032
14035
14041
14043
14052
14066
14068
14076
14079
14081
14084
14093
14094
14103
14104
14106
14113
14122
14122
14132
14137
14140
14144
14144
14146
14148
14152
14155
14156
14156
14157
14158
14160
14179
14181
14198
14199
14214
14215
14219
14233
14238
14240
14241
14242
14249
14252
14252
14267
14271
14272
14274
14278
14287
14291
14295
14295
14296
14305
14306
14307
14318
14321
14342
14343
14345
14348
14352
14363
14363
14366
14366
14379
14387
14392
14393
14398
14416
14425
14428
14429
14441
14445
14446
14451
14453
14455
14461
14472
14473
14484
14490
14500
14504
14513
14514
14520
14526
14529
14540
14546
14549
14550
14558
14565
14566
14572
14572
14573
14579
14580
14582
14582
14583
14591
14594
14600
14604
14605
14607
14614
14614
14615
14618
14622
14622
14635
14643
14644
14659
14665
14682
14689
14690
14700
14709
14717
14719
14730
14732
14742
14747
14751
14765
14766
14770
14777
14782
14803
14807
14815
14820
14821
14822
14824
14828
14838
14838
14850
14850
14853
14854
14856
14866
14875
14882
14889
14909
14912
14934
14935
14946
14950
14963
14968
14971
14972
14979
14983
14985
14996
15003
15005
15012
15027
15029
15041
15043
15046
15053
15053
15061
15070
15070
15073
15077
15081
15089
15093
15097
15101
15105
15106
15115
15118
15119
15125
15131
15134
15138
15140
15140
15141
15141
15142
15146
15151
15169
15172
15181
15188
15195
15198
15207
15208
15208
15219
15221
15221
15232
15233
15244
15251
15259
15278
15291
15294
15310
15315
15321
15330
15343
15344
15352
15358
15360
15362
15368
15377
15393
15397
15404
15411
15419
15422
15439
15443
15450
15459
15459
15468
15472
15477
15481
15482
15482
15500
15502
15503
15507
15519
15524
15532
15532
15537
15539
15549
15553
15553
15560
15566
15566
15567
15585
15588
15594
15614
15618
15621
15621
15622
15627
15629
15638
15640
15641
15667
15668
15673
15684
15688
15706
15722
15725
15736
15739
15742
15747
15754
15754
15764
15769
15771
15772
15776
15777
15778
15781
15811
15813
15826
15833
15839
15841
15842
15859
15863
15863
15870
15874
15885
15888
15894
15898
15899
15907
15910
15912
15917
15917
15930
15930
15931
15943
15945
15955
15957
15964
15974
15976
15984
15985
15991
16009
16011
16012
16014
16018
16019
16019
16028
16034
16034
16037
16048
16065
16066
16071
16071
16075
16088
16093
16111
16113
16118
16119
16134
16141
16142
16143
16155
16161
16161
16163
16168
16177
16182
16189
16192
16200
16202
16203
16207
16217
16219
16223
16224
16235
16239
16246
16246
16249
16252
16252
16258
16260
16266
16266
16275
16277
16281
16284
16306
16307
16309
16310
16321
16327
16331
16334
16342
16355
16357
16362
16381
16385
16394
16397
16400
16412
16416
16426
16430
16433
16450
16458
16459
16465
16477
16479
16480
16491
16500
16500
16502
16506
16507
16509
16512
16515
16516
16518
16526
16531
16535
16538
16544
16564
16565
16567
16568
16574
16580
16581
16583
16589
16591
16592
16595
16600
16604
16618
16637
16657
16660
16674
16675
16685
16703
16711
16712
16714
16720
16730
16730
16732
16735
16738
16753
16756
16757
16761
16765
16771
16779
16784
16785
16788
16809
16809
16812
16817
16820
16829
16831
16832
16839
16853
16857
16858
16861
16871
16872
16872
16886
16887
16897
16906
16907
16908
16915
16916
16923
16925
16931
16945
16948
16962
16968
16969
16977
16982
16986
16989
17000
17009
17012
17018
17019
17021
17028
17028
17030
17031
17032
17043
17050
17056
17056
17062
17066
17095
17105
17111
17111
17120
17120
17130
17148
17149
17150
17170
17177
17178
17183
17193
17195
17211
17220
17220
17240
17241
17254
17255
17259
17261
17262
17266
17267
17275
17279
17285
17286
17289
17292
17295
17300
17306
17307
17307
17308
17309
17312
17317
17324
17326
17339
17340
17342
17345
17362
17363
17366
17373
17382
17390
17401
17401
17403
17410
17413
17418
17424
17431
17433
17434
17435
17438
17442
17443
17449
17453
17456
17460
17478
17480
17484
17484
17488
17493
17496
17501
17505
17509
17518
17522
17533
17539
17540
17544
17553
17557
17558
17567
17570
17571
17571
17583
17593
17598
17611
17614
17615
17622
17642
17644
17645
17666
17672
17682
17683
17683
17685
17693
17696
17696
17721
17722
17729
17737
17750
17762
17770
17771
17771
17774
17784
17799
17803
17811
17813
17813
17817
17821
17829
17832
17834
17835
17835
17858
17872
17873
17876
17878
17890
17891
17904
17905
17906
17907
17909
17909
17909
17911
17915
17921
17921
17923
17928
17932
17932
17934
17935
17943
17956
17974
17974
17975
17988
17992
17993
17996
17997
17998
18008
18008
18009
18013
18021
18021
18023
18023
18026
18027
18041
18042
18049
18062
18066
18072
18073
18074
18074
18076
18081
18106
18107
18108
18110
18113
18114
18115
18133
18141
18170
18173
18177
18186
18188
18189
18190
18198
18200
18202
18212
18217
18217
18219
18219
18224
18227
18229
18234
18240
18244
18251
18253
18266
18269
18272
18281
18287
18288
18294
18297
18300
18310
18314
18315
18321
18326
18328
18335
18344
18345
18352
18355
18366
18367
18372
18374
18379
18385
18392
18398
18398
18401
18412
18413
18417
18417
18419
18422
18429
18429
18449
18458
18468
18473
18485
18488
18500
18500
18503
18510
18511
18524
18527
18530
18535
18548
18557
18558
18569
18574
18578
18579
18588
18590
18595
18601
18614
18621
18622
18625
18625
18633
18635
18640
18645
18654
18675
18688
18689
18694
18694
18696
18705
18706
18708
18712
18712
18713
18716
18743
18745
18746
18750
18750
18755
18763
18773
18777
18778
18781
18783
18784
18794
18818
18820
18826
18835
18838
18846
18850
18851
18851
18854
18857
18858
18859
18860
18862
18870
18878
18882
18894
18897
18904
18905
18905
18906
18911
18919
18921
18924
18929
18930
18936
18941
18945
18957
18960
18961
18972
18977
18979
18991
18994
18997
19001
19006
19009
19022
19026
19027
19028
19033
19045
19049
19051
19052
19055
19063
19080
19081
19086
19088
19093
19093
19095
19098
19103
19106
19110
19112
19117
19122
19136
19138
19151
19153
19154
19158
19162
19165
19184
19185
19188
19191
19192
19205
19206
19207
19210
19211
19213
19227
19239
19245
19245
19249
19250
19253
19255
19257
19259
19271
19295
19296
19296
19309
19310
19321
19322
19323
19327
19331
19336
19342
19342
19350
19351
19356
19361
19362
19363
19367
19374
19377
19378
19382
19387
19400
19413
19415
19416
19437
19442
19455
19459
19460
19465
19465
19471
19474
19490
19493
19498
19501
19502
19504
19509
19514
19520
19521
19521
19526
19531
19538
19542
19544
19548
19548
19548
19562
19563
19567
19571
19575
19593
19598
19603
19605
19605
19608
19610
19613
19615
19631
19635
19635
19638
19646
19651
19656
19663
19664
19671
19672
19672
19675
19677
19678
19679
19694
19697
19721
19724
19739
19740
19742
19742
19744
19757
19764
19769
19771
19774
19783
19784
19786
19786
19786
19787
19799
19808
19809
19810
19816
19821
19821
19827
19831
19845
19846
19847
19848
19856
19868
19875
19901
19905
19911
19916
19917
19926
19936
19938
19939
19940
19944
19944
19951
19951
19952
19954
19966
19971
19972
19978
19981
19981
19986
19998
19999
20010
20013
20013
20014
20015
20022
20030
20035
20040
20047
20049
20052
20057
20063
20064
20064
20073
20073
20075
20083
20091
20094
20099
20100
20104
20110
20119
20128
20128
20132
20144
20147
20148
20152
20159
20160
20160
20168
20171
20182
20182
20182
20198
20202
20206
20212
20225
20229
20234
20237
20238
20240
20245
20245
20249
20250
20261
20269
20270
20275
20278
20294
20294
20300
20310
20316
20325
20328
20329
20330
20334
20335
20335
20336
20339
20347
20352
20355
20355
20361
20361
20364
20364
20372
20373
20373
20375
20385
20398
20401
20419
20419
20426
20427
20434
20435
20437
20441
20444
20455
20462
20465
20465
20466
20470
20471
20487
20490
20494
20498
20528
20535
20539
20549
20549
20550
20560
20566
20576
20577
20592
20592
20597
20600
20604
20606
20607
20608
20610
20626
20627
20628
20652
20655
20658
20662
20667
20673
20673
20674
20676
20677
20679
20694
20701
20705
20714
20722
20724
20724
20726
20726
20732
20740
20753
20756
20757
20764
20766
20772
20772
20774
20774
20774
20777
20777
20795
20799
20799
20810
20811
20818
20819
20824
20835
20847
20849
20849
20865
20870
20872
20873
20874
20877
20903
20913
20927
20929
20934
20934
20936
20937
20939
20962
20970
20972
20976
20981
20983
20997
20998
21001
21001
21018
21025
21027
21036
21039
21041
21047
21054
21058
21059
21061
21064
21074
21077
21079
21082
21083
21089
21105
21112
21113
21113
21116
21125
21127
21131
21135
21138
21138
21138
21148
21153
21153
21154
21157
21160
21161
21161
21162
21163
21171
21172
21174
21175
21175
21177
21179
21182
21184
21186
21189
21194
21196
21208
21211
21227
21227
21228
21233
21243
21248
21250
21261
21263
21266
21266
21279
21282
21282
21283
21287
21287
21291
21293
21296
21303
21312
21312
21317
21317
21322
21322
21330
21334
21337
21340
21349
21351
21353
21355
21356
21361
21372
21379
21383
21387
21388
21390
21410
21414
21419
21420
21426
21430
21447
21458
21463
21464
21467
21475
21476
21476
21478
21488
21488
21489
21490
21492
21501
21505
21514
21529
21534
21536
21558
21574
21584
21591
21593
21595
21614
21616
21620
21638
21653
21653
21659
21660
21665
21665
21665
21666
21667
21670
21670
21685
21685
21686
21687
21688
21692
21707
21716
21717
21727
21732
21747
21748
21752
21752
21753
21754
21764
21770
21774
21780
21781
21786
21789
21798
21801
21801
21810
21811
21826
21837
21841
21849
21852
21852
21861
21864
21878
21882
21890
21891
21906
21910
21918
21919
21921
21933
21934
21935
21938
21942
21944
21944
21948
21966
21972
21977
21979
21988
21991
21996
22022
22026
22027
22032
22036
22039
22049
22053
22053
22057
22057
22060
22064
22070
22076
22077
22078
22086
22086
22087
22092
22093
22108
22111
22112
22122
22130
22142
22147
22152
22153
22159
22164
22167
22173
22180
22187
22191
22193
22199
22201
22202
22210
22213
22219
22222
22224
22233
22241
22244
22247
22247
22258
22259
22259
22262
22264
22267
22271
22272
22275
22279
22280
22284
22287
22293
22306
22311
22323
22325
22331
22339
22345
22346
22346
22352
22354
22365
22373
22374
22380
22381
22388
22406
22407
22410
22411
22417
22430
22437
22456
22466
22476
22482
22484
22497
22502
22513
22519
22535
22536
22539
22541
22544
22558
22562
22565
22574
22580
22583
22584
22585
22586
22587
22596
22601
22618
22625
22625
22628
22631
22632
22636
22642
22643
22644
22652
22653
22653
22655
22662
22669
22673
22676
22688
22693
22712
22715
22717
22717
22717
22718
22719
22720
22720
22723
22732
22733
22740
22742
22750
22752
22756
22757
22765
22766
22778
22785
22788
22793
22796
22796
22798
22802
22802
22807
22812
22813
22815
22816
22818
22820
22823
22834
22837
22839
22840
22841
22841
22848
22851
22852
22852
22873
22878
22882
22892
22893
22900
22901
22907
22909
22912
22919
22928
22929
22936
22938
22940
22940
22945
22956
22968
22974
22976
22978
22982
22993
22995
23000
23001
23005
23019
23030
23040
23046
23046
23052
23059
23082
23083
23084
23089
23095
23109
23112
23131
23142
23144
23148
23153
23159
23168
23171
23174
23188
23191
23192
23201
23202
23204
23204
23210
23212
23214
23228
23229
23237
23237
23240
23241
23242
23242
23244
23245
23246
23248
23251
23259
23265
23267
23274
23285
23291
23301
23305
23310
23312
23316
23319
23326
23326
23327
23330
23332
23337
23340
23343
23351
23360
23369
23372
23374
23384
23386
23397
23400
23401
23424
23426
23439
23441
23444
23448
23448
23451
23451
23465
23469
23472
23473
23473
23476
23485
23489
23490
23490
23497
23501
23507
23507
23512
23513
23516
23527
23537
23557
23559
23562
23568
23573
23576
23577
23600
23600
23607
23611
23614
23616
23619
23626
23630
23630
23631
23651
23658
23659
23667
23670
23673
23673
23675
23676
23682
23691
23694
23705
23708
23725
23730
23731
23736
23749
23756
23760
23763
23766
23769
23784
23792
23796
23796
23797
23800
23805
23812
23813
23814
23815
23817
23822
23826
23827
23837
23839
23848
23855
23856
23865
23865
23866
23867
23875
23877
23893
23894
23894
23898
23904
23916
23919
23922
23925
23928
23928
23941
23941
23942
23950
23953
23955
23956
23960
23969
23989
23990
24001
24021
24026
24033
24038
24041
24043
24054
24055
24055
24060
24062
24069
24070
24073
24073
24076
24081
24081
24084
24085
24090
24096
24099
24100
24102
24105
24108
24115
24125
24128
24129
24130
24136
24139
24149
24152
24154
24160
24167
24172
24173
24182
24184
24190
24197
24198
24208
24226
24231
24237
24252
24254
24264
24269
24269
24271
24271
24284
24287
24290
24292
24299
24301
24301
24305
24310
24327
24327
24328
24332
24356
24357
24362
24374
24380
24382
24383
24400
24402
24406
24409
24417
24419
24450
24464
24470
24474
24484
24484
24486
24487
24496
24499
24501
24509
24509
24515
24521
24522
24528
24539
24545
24545
24549
24555
24566
24577
24581
24593
24595
24596
24613
24614
24632
24632
24638
24640
24647
24662
24673
24683
24690
24696
24700
24700
24705
24706
24707
24710
24710
24713
24715
24715
24721
24723
24726
24744
24749
24750
24753
24762
24767
24768
24773
24774
24779
24779
24792
24797
24803
24804
24804
24807
24814
24815
24827
24830
24831
24834
24836
24836
24837
24861
24875
24888
24919
24922
24929
24931
24935
24944
24945
24946
24947
24948
24960
24961
24963
24970
24986
24986
24990
24991
25003
25004
25020
25023
25025
25028
25040
25052
25069
25076
25085
25086
25088
25095
25099
25099
25101
25104
25107
25113
25114
25122
25125
25128
25135
25150
25151
25165
25166
25169
25171
25177
25180
25180
25181
25185
25191
25197
25197
25202
25203
25205
25208
25211
25215
25233
25250
25253
25255
25255
25261
25265
25270
25270
25277
25280
25285
25286
25293
25293
25301
25306
25309
25314
25316
25319
25325
25326
25326
25335
25343
25347
25355
25364
25365
25365
25366
25367
25370
25371
25375
25384
25384
25387
25399
25405
25410
25412
25416
25426
25431
25433
25437
25443
25445
25445
25449
25452
25467
25471
25475
25477
25482
25485
25489
25494
25496
25497
25499
25501
25502
25505
25509
25511
25512
25520
25523
25524
25543
25546
25547
25556
25563
25568
25569
25570
25580
25582
25584
25588
25588
25588
25598
25599
25600
25600
25601
25603
25617
25621
25625
25627
25631
25635
25651
25653
25653
25655
25658
25664
25668
25669
25674
25678
25684
25685
25686
25687
25689
25695
25702
25704
25706
25710
25711
25728
25732
25736
25744
25748
25750
25753
25753
25757
25760
25771
25773
25775
25779
25780
25780
25790
25790
25797
25798
25800
25803
25813
25820
25830
25832
25832
25841
25842
25845
25850
25852
25859
25867
25871
25872
25881
25895
25896
25898
25901
25909
25915
25917
25925
25926
25929
25931
25931
25935
25936
25938
25942
25945
25946
25948
25966
25967
25976
25979
25987
25991
26001
26007
26007
26013
26015
26022
26025
26035
26045
26050
26058
26063
26073
26073
26085
26086
26102
26108
26111
26113
26113
26125
26127
26152
26154
26154
26155
26159
26162
26162
26171
26171
26173
26176
26185
26192
26202
26207
26216
26226
26229
26250
26253
26256
26256
26260
26263
26264
26269
26270
26275
26280
26295
26297
26297
26301
26304
26308
26318
26320
26335
26338
26339
26344
26352
26352
26374
26383
26383
26385
26386
26391
26395
26396
26402
26407
26410
26411
26414
26421
26429
26438
26440
26440
26441
26441
26450
26455
26457
26458
26461
26462
26463
26466
26483
26485
26487
26487
26496
26498
26498
26499
26505
26511
26511
26518
26519
26522
26525
26528
26544
26545
26550
26551
26559
26566
26570
26575
26583
26584
26589
26600
26604
26605
26622
26623
26628
26632
26637
26640
26642
26648
26650
26653
26655
26659
26661
26662
26670
26678
26682
26686
26694
26696
26696
26698
26700
26706
26716
26719
26721
26730
26733
26734
26744
26759
26763
26764
26780
26792
26800
26816
26819
26823
26830
26830
26832
26833
26834
26834
26835
26841
26843
26848
26849
26850
26852
26857
26863
26864
26875
26879
26879
26882
26882
26886
26892
26894
26903
26911
26911
26919
26931
26937
26937
26960
26969
26973
26976
26984
26988
26994
27000
27004
27006
27011
27013
27027
27028
27053
27054
27054
27064
27074
27083
27086
27097
27106
27107
27113
27114
27121
27124
27131
27132
27134
27139
27140
27153
27153
27155
27162
27163
27164
27179
27181
27195
27204
27216
27223
27223
27223
27240
27240
27244
27244
27252
27255
27256
27258
27258
27262
27265
27266
27278
27282
27282
27290
27294
27298
27308
27312
27313
27313
27316
27321
27321
27322
27327
27329
27329
27330
27335
27340
27342
27344
27351
27352
27367
27370
27375
27379
27379
27386
27386
27395
27416
27421
27437
27438
27440
27449
27453
27468
27470
27473
27477
27478
27478
27480
27482
27483
27484
27485
27494
27507
27519
27520
27523
27526
27534
27539
27547
27551
27563
27566
27591
27597
27601
27603
27604
27609
27626
27634
27646
27648
27653
27655
27656
27656
27680
27687
27697
27700
27703
27707
27718
27724
27725
27727
27728
27728
27729
27731
27745
27747
27760
27765
27768
27772
27775
27776
27780
27783
27786
27789
27792
27798
27801
27804
27805
27817
27822
27822
27826
27827
27827
27829
27830
27834
27835
27851
27853
27861
27868
27873
27874
27874
27877
27878
27884
27888
27890
27896
27905
27909
27915
27922
27926
27928
27939
27940
27941
27942
27943
27945
27953
27956
27968
27973
27981
27984
27990
27991
27994
28005
28008
28013
28015
28025
28027
28037
28041
28056
28056
28059
28060
28086
28103
28108
28109
28110
28128
28134
28137
28138
28139
28147
28148
28148
28151
28155
28158
28169
28171
28171
28183
28187
28192
28192
28201
28202
28203
28214
28214
28216
28222
28223
28231
28232
28250
28254
28254
28262
28264
28272
28274
28286
28287
28293
28294
28295
28301
28308
28309
28311
28321
28322
28328
28356
28359
28365
28378
28386
28391
28394
28404
28416
28419
28424
28428
28441
28448
28448
28455
28456
28471
28486
28509
28510
28518
28519
28520
28528
28530
28532
28534
28537
28541
28543
28561
28563
28565
28567
28580
28580
28599
28614
28621
28633
28638
28640
28640
28645
28650
28664
28676
28680
28681
28684
28688
28690
28693
28704
28705
28706
28708
28708
28711
28716
28722
28725
28729
28732
28738
28743
28754
28760
28766
28767
28771
28772
28784
28789
28790
28792
28795
28806
28806
28807
28811
28814
28815
28816
28819
28850
28856
28856
28866
28875
28877
28881
28896
28898
28903
28903
28906
28914
28922
28931
28934
28934
28949
28954
28971
28972
28989
28998
29013
29018
29020
29021
29025
29027
29027
29029
29035
29037
29038
29040
29043
29046
29050
29051
29051
29064
29089
29098
29106
29106
29112
29113
29116
29127
29134
29140
29144
29151
29156
29173
29182
29189
29191
29196
29201
29205
29206
29225
29227
29227
29235
29251
29256
29261
29264
29268
29273
29277
29285
29287
29290
29293
29299
29306
29313
29318
29327
29335
29338
29342
29343
29358
29359
29361
29367
29370
29370
29375
29376
29377
29383
29385
29385
29387
29391
29394
29395
29399
29401
29402
29408
29408
29417
29428
29429
29435
29437
29446
29453
29455
29456
29457
29458
29478
29498
29509
29514
29521
29526
29534
29540
29544
29546
29551
29554
29557
29560
29566
29578
29589
29589
29593
29595
29595
29599
29599
29600
29602
29605
29623
29628
29634
29638
29640
29641
29647
29653
29669
29670
29674
29678
29679
29680
29681
29681
29706
29713
29714
29727
29729
29734
29736
29738
29739
29745
29746
29754
29754
29756
29759
29762
29769
29785
29787
29798
29801
29804
29805
29806
29807
29809
29809
29813
29816
29816
29818
29821
29823
29826
29832
29835
29835
29845
29854
29855
29856
29862
29866
29868
29869
29879
29880
29882
29883
29888
29889
29889
29900
29905
29906
29911
29917
29917
29918
29919
29921
29932
29934
29938
29942
29943
29947
29949
29969
29978
29983
29987
29997
30003
30012
30024
30025
30028
30030
30035
30040
30041
30044
30048
30049
30051
30053
30060
30064
30074
30083
30090
30092
30099
30108
30123
30130
30134
30138
30138
30140
30142
30144
30144
30148
30153
30154
30155
30157
30161
30161
30163
30168
30174
30184
30185
30186
30192
30192
30202
30203
30208
30213
30216
30221
30243
30245
30245
30246
30246
30248
30252
30253
30254
30260
30263
30276
30278
30279
30286
30289
30294
30296
30297
30306
30308
30310
30311
30311
30319
30325
30326
30349
30351
30356
30362
30365
30369
30378
30384
30399
30401
30413
30422
30422
30427
30429
30429
30433
30433
30441
30447
30447
30448
30448
30460
30463
30465
30477
30488
30488
30526
30532
30544
30552
30564
30572
30578
30581
30587
30594
30597
30597
30611
30612
30614
30616
30616
30619
30619
30628
30640
30648
30651
30654
30655
30659
30668
30670
30670
30674
30676
30688
30689
30704
30718
30727
30739
30742
30753
30759
30765
30766
30767
30767
30772
30779
30780
30791
30792
30799
30805
30810
30811
30822
30831
30832
30837
30849
30856
30861
30870
30874
30878
30884
30892
30897
30913
30917
30917
30929
30930
30933
30937
30938
30958
30962
30964
30967
30969
30970
30978
30987
30989
30997
31001
31003
31012
31013
31014
31019
31020
31030
31035
31036
31038
31049
31049
31050
31053
31058
31059
31068
31072
31074
31082
31082
31088
31090
31092
31094
31095
31105
31105
31110
31110
31112
31112
31119
31119
31121
31125
31126
31129
31129
31133
31138
31138
31141
31142
31149
31156
31161
31161
31162
31165
31175
31176
31177
31181
31185
31185
31187
31191
31199
31200
31200
31204
31206
31207
31207
31210
31213
31217
31226
31229
31232
31241
31246
31246
31248
31250
31254
31263
31267
31268
31272
31282
31285
31300
31306
31311
31311
31314
31326
31326
31333
31335
31339
31345
31351
31361
31365
31366
31368
31372
31378
31382
31387
31388
31389
31392
31394
31394
31402
31406
31418
31420
31421
31428
31428
31429
31434
31448
31450
31453
31457
31459
31460
31463
31464
31465
31468
31468
31472
31474
31480
31481
31483
31484
31484
31487
31487
31489
31495
31497
31500
31521
31524
31526
31526
31526
31527
31527
31531
31534
31551
31555
31558
31567
31567
31567
31569
31572
31588
31589
31597
31597
31603
31612
31613
31620
31620
31637
31640
31640
31646
31654
31657
31661
31662
31663
31679
31689
31700
31707
31713
31713
31718
31725
31734
31734
31738
31740
31744
31748
31760
31764
31767
31772
31772
31780
31785
31788
31792
31807
31808
31837
31841
31844
31844
31853
31865
31879
31880
31883
31886
31894
31895
31897
31897
31897
31902
31903
31907
31907
31907
31937
31939
31946
31951
31965
31979
31984
31988
31997
31997
32020
32025
32026
32029
32030
32033
32034
32039
32042
32042
32058
32058
32062
32064
32068
32069
32076
32078
32081
32084
32091
32093
32093
32101
32109
32115
32120
32123
32124
32125
32127
32130
32132
32136
32140
32154
32156
32159
32169
32175
32179
32180
32181
32187
32190
32196
32196
32196
32202
32205
32209
32210
32211
32222
32222
32225
32229
32230
32234
32235
32235
32236
32260
32260
32263
32267
32271
32274
32275
32276
32286
32289
32293
32299
32299
32301
32305
32338
32345
32346
32352
32359
32360
32361
32361
32362
32363
32364
32385
32387
32390
32392
32395
32401
32404
32410
32415
32433
32440
32452
32458
32460
32471
32471
32477
32479
32482
32484
32486
32494
32515
32518
32522
32525
32525
32526
32537
32538
32540
32541
32543
32550
32553
32564
32567
32570
32577
32600
32609
32620
32623
32643
32645
32645
32648
32660
32668
32676
32683
32691
32700
32706
32722
32729
32731
32734
32747
32751
32753
32757
32764
32766
32776
32776
32777
32783
32785
32791
32792
32796
32811
32822
32825
32841
32842
32845
32849
32849
32857
32858
32871
32879
32885
32888
32894
32895
32900
32903
32910
32914
32922
32929
32937
32942
32943
32944
32944
32956
32982
32988
33005
33013
33017
33025
33027
33047
33047
33048
33055
33057
33063
33066
33068
33074
33075
33078
33081
33082
33092
33099
33109
33117
33118
33121
33128
33132
33134
33134
33137
33141
33142
33145
33162
33165
33167
33170
33170
33186
33193
33197
33202
33209
33214
33219
33222
33229
33242
33246
33263
33264
33265
33278
33285
33289
33308
33312
33324
33325
33327
33328
33332
33333
33353
33355
33357
33358
33370
33373
33384
33385
33385
33386
33388
33391
33392
33394
33397
33402
33415
33416
33424
33428
33430
33435
33436
33436
33438
33445
33447
33453
33459
33463
33475
33490
33491
33495
33514
33515
33526
33534
33541
33542
33546
33564
33578
33579
33579
33595
33596
33599
33608
33614
33615
33616
33624
33625
33636
33636
33648
33659
33661
33663
33665
33674
33677
33680
33681
33690
33695
33698
33701
33702
33704
33713
33715
33721
33723
33729
33730
33735
33750
33754
33762
33767
33767
33770
33775
33795
33796
33798
33798
33799
33800
33806
33808
33809
33816
33831
33843
33860
33895
33908
33911
33916
33916
33929
33930
33932
33942
33943
33945
33946
33947
33948
33951
33958
33965
33970
33974
33976
33978
33988
33996
33997
34004
34018
34019
34020
34023
34042
34044
34047
34072
34074
34086
34086
34088
34098
34099
34108
34111
34118
34132
34135
34138
34139
34141
34148
34148
34150
34155
34155
34158
34162
34169
34170
34179
34180
34186
34191
34203
34205
34206
34211
34218
34220
34226
34228
34236
34246
34252
34259
34262
34276
34284
34302
34302
34312
34317
34319
34351
34358
34361
34366
34373
34377
34378
34384
34396
34404
34405
34405
34405
34414
34426
34444
34446
34457
34461
34470
34471
34475
34475
34500
34500
34500
34510
34532
34544
34550
34555
34558
34575
34577
34580
34584
34591
34600
34606
34614
34619
34619
34625
34635
34641
34646
34653
34666
34669
34669
34678
34695
34702
34702
34702
34721
34722
34724
34727
34734
34741
34745
34747
34747
34747
34751
34758
34763
34765
34772
34783
34785
34786
34790
34796
34797
34802
34802
34811
34811
34820
34821
34824
34835
34837
34838
34846
34853
34854
34858
34865
34873
34879
34894
34895
34895
34903
34905
34905
34912
34914
34925
34925
34929
34934
34939
34946
34947
34950
34956
34956
34958
34964
34967
34971
34976
34981
34986
34988
34988
34990
34992
34993
34995
35002
35003
35004
35007
35014
35014
35018
35019
35037
35039
35044
35045
35059
35060
35061
35072
35079
35081
35088
35090
35098
35108
35110
35118
35118
35121
35122
35127
35135
35151
35153
35158
35158
35161
35161
35162
35166
35167
35170
35175
35176
35186
35191
35196
35196
35197
35214
35217
35218
35220
35222
35226
35236
35240
35241
35242
35246
35248
35252
35260
35262
35263
35271
35276
35276
35277
35282
35284
35285
35294
35298
35300
35305
35317
35321
35324
35327
35331
35331
35334
35338
35340
35342
35343
35353
35357
35362
35370
35375
35375
35381
35389
35391
35397
35398
35398
35410
35413
35423
35430
35431
35433
35453
35454
35455
35464
35471
35478
35479
35485
35486
35492
35497
35497
35507
35509
35513
35514
35521
35524
35526
35531
35532
35540
35558
35562
35564
35570
35576
35578
35582
35584
35588
35589
35590
35591
35592
35594
35595
35595
35603
35604
35606
35610
35618
35627
35630
35630
35633
35633
35635
35638
35645
35652
35653
35660
35672
35674
35678
35688
35693
35699
35701
35702
35705
35708
35709
35715
35718
35721
35737
35737
35740
35741
35750
35753
35756
35756
35761
35789
35802
35805
35806
35813
35824
35829
35832
35835
35836
35840
35865
35866
35867
35870
35879
35881
35884
35887
35895
35901
35904
35915
35925
35927
35942
35943
35947
35960
35970
35978
35982
35994
35995
36005
36009
36013
36014
36030
36033
36038
36042
36044
36047
36047
36047
36048
36054
36055
36055
36059
36060
36071
36084
36085
36086
36087
36088
36096
36101
36118
36138
36142
36144
36146
36148
36152
36156
36165
36166
36173
36175
36180
36183
36186
36190
36203
36204
36216
36231
36232
36233
36240
36263
36264
36264
36264
36275
36285
36290
36295
36300
36307
36313
36323
36339
36355
36361
36373
36374
36376
36376
36383
36398
36400
36401
36402
36404
36407
36407
36407
36409
36410
36417
36423
36437
36437
36447
36447
36453
36453
36453
36456
36458
36460
36462
36465
36490
36492
36493
36498
36504
36511
36518
36526
36527
36531
36539
36544
36548
36550
36551
36552
36559
36565
36567
36586
36587
36589
36590
36591
36593
36597
36614
36617
36618
36621
36626
36632
36635
36638
36652
36654
36658
36659
36665
36671
36673
36673
36673
36675
36676
36676
36679
36680
36686
36688
36691
36693
36697
36699
36705
36710
36713
36722
36729
36730
36732
36734
36743
36744
36745
36750
36750
36762
36765
36774
36774
36777
36778
36781
36796
36798
36817
36817
36818
36828
36835
36838
36853
36856
36857
36857
36879
36882
36884
36890
36890
36891
36892
36892
36895
36899
36907
36916
36920
36920
36922
36937
36941
36945
36947
36947
36955
36957
36962
36964
36970
36978
36988
37002
37005
37007
37008
37015
37028
37036
37036
37049
37059
37062
37063
37064
37067
37081
37082
37085
37085
37090
37093
37094
37101
37102
37103
37111
37114
37123
37126
37130
37132
37144
37154
37162
37165
37166
37166
37169
37174
37183
37185
37198
37201
37217
37219
37221
37234
37234
37236
37237
37239
37247
37252
37258
37261
37262
37270
37272
37273
37282
37298
37301
37318
37320
37330
37342
37342
37346
37347
37347
37355
37359
37365
37366
37369
37372
37380
37387
37389
37400
37403
37405
37407
37409
37420
37426
37429
37451
37455
37455
37463
37476
37478
37485
37487
37491
37502
37506
37513
37515
37523
37525
37525
37526
37531
37533
37538
37538
37540
37545
37545
37545
37575
37577
37579
37580
37582
37586
37586
37590
37601
37609
37612
37620
37622
37622
37631
37632
37639
37642
37643
37645
37665
37668
37674
37677
37679
37681
37683
37685
37686
37693
37695
37699
37700
37701
37710
37710
37710
37710
37711
37731
37735
37746
37749
37757
37758
37759
37761
37766
37766
37772
37774
37774
37775
37785
37786
37795
37803
37804
37806
37810
37814
37814
37815
37820
37822
37824
37824
37828
37829
37834
37836
37838
37840
37851
37858
37868
37870
37872
37872
37887
37895
37905
37911
37913
37914
37918
37923
37923
37929
37935
37942
37946
37947
37950
37953
37956
37959
37963
37970
37970
37975
37982
37986
37988
37991
37992
37997
38005
38013
38029
38038
38041
38045
38045
38047
38047
38050
38051
38052
38055
38059
38060
38061
38065
38066
38070
38071
38073
38076
38083
38091
38102
38106
38107
38108
38124
38125
38126
38130
38135
38137
38141
38145
38146
38146
38149
38158
38165
38173
38179
38181
38188
38190
38196
38209
38216
38220
38222
38224
38250
38252
38259
38260
38264
38265
38271
38272
38274
38279
38289
38304
38304
38304
38309
38314
38318
38325
38328
38328
38338
38341
38341
38347
38348
38349
38354
38354
38358
38362
38370
38371
38381
38388
38394
38396
38414
38417
38426
38426
38429
38430
38431
38436
38439
38449
38457
38458
38467
38471
38482
38500
38501
38512
38515
38522
38525
38528
38530
38532
38544
38545
38550
38550
38550
38560
38560
38562
38564
38576
38582
38589
38595
38599
38604
38605
38609
38613
38620
38624
38629
38631
38639
38646
38647
38650
38650
38659
38660
38664
38666
38676
38681
38683
38684
38694
38702
38705
38707
38710
38710
38713
38725
38737
38740
38742
38762
38764
38766
38774
38779
38782
38783
38788
38788
38798
38809
38811
38847
38852
38852
38862
38863
38864
38865
38867
38886
38888
38894
38903
38905
38905
38909
38912
38913
38916
38919
38928
38937
38952
38958
38968
38969
38970
38970
38972
38977
38981
38994
38995
38996
39001
39008
39012
39023
39028
39038
39039
39045
39055
39057
39060
39062
39064
39068
39077
39079
39099
39100
39113
39116
39127
39141
39142
39144
39151
39159
39160
39184
39191
39193
39193
39200
39200
39205
39220
39234
39237
39250
39251
39255
39256
39262
39263
39271
39272
39277
39277
39278
39281
39292
39298
39301
39305
39309
39313
39314
39322
39324
39329
39332
39334
39337
39338
39341
39344
39353
39355
39358
39360
39362
39364
39368
39382
39385
39388
39401
39410
39414
39428
39430
39431
39442
39450
39455
39459
39467
39470
39471
39475
39478
39478
39479
39480
39485
39493
39509
39513
39513
39514
39515
39524
39527
39529
39537
39539
39540
39544
39545
39548
39549
39554
39554
39561
39573
39575
39575
39578
39579
39582
39588
39591
39600
39605
39609
39612
39618
39621
39623
39624
39627
39633
39653
39656
39661
39661
39675
39677
39682
39684
39693
39704
39711
39713
39715
39716
39716
39717
39719
39730
39732
39736
39743
39746
39748
39749
39752
39753
39755
39758
39762
39770
39772
39774
39774
39796
39800
39804
39812
39813
39817
39821
39822
39829
39835
39835
39839
39842
39844
39847
39850
39852
39855
39870
39874
39874
39884
39896
39901
39903
39907
39907
39909
39929
39930
39954
39957
39959
39966
39967
39971
39973
39989
39996
39999
40000
40003
40012
40018
40018
40024
40026
40033
40034
40058
40060
40061
40063
40064
40065
40067
40071
40089
40091
40097
40099
40111
40113
40113
40114
40114
40114
40133
40138
40139
40145
40149
40150
40158
40163
40168
40169
40169
40183
40184
40196
40198
40200
40220
40230
40232
40239
40249
40266
40267
40270
40279
40287
40288
40294
40296
40302
40303
40304
40306
40307
40313
40314
40322
40322
40332
40357
40359
40364
40366
40370
40372
40372
40373
40373
40376
40377
40387
40389
40394
40398
40405
40406
40408
40410
40413
40421
40423
40427
40433
40448
40449
40454
40462
40465
40467
40474
40475
40482
40494
40509
40511
40522
40527
40530
40540
40542
40552
40572
40579
40582
40597
40598
40609
40623
40624
40626
40629
40644
40653
40654
40657
40661
40669
40675
40683
40685
40686
40698
40701
40704
40709
40712
40719
40731
40742
40742
40748
40750
40755
40763
40766
40767
40769
40785
40790
40796
40797
40800
40803
40813
40817
40821
40832
40832
40833
40840
40847
40850
40852
40854
40857
40859
40886
40888
40890
40901
40904
40914
40914
40921
40924
40934
40943
40952
40956
40957
40961
40962
40968
40970
40971
40976
40981
40983
40990
40991
41002
41003
41006
41006
41008
41018
41020
41027
41031
41033
41034
41036
41043
41044
41046
41063
41077
41088
41088
41091
41094
41096
41101
41102
41105
41110
41111
41114
41121
41129
41147
41150
41152
41157
41158
41159
41160
41168
41172
41172
41173
41176
41182
41182
41184
41185
41185
41188
41198
41207
41211
41215
41217
41224
41232
41234
41243
41244
41255
41266
41266
41269
41289
41290
41292
41296
41298
41298
41299
41306
41306
41310
41311
41312
41317
41323
41337
41342
41349
41356
41356
41360
41366
41374
41376
41376
41378
41382
41382
41384
41387
41390
41394
41403
41418
41419
41425
41434
41435
41446
41456
41466
41467
41472
41475
41485
41486
41492
41546
41552
41560
41563
41565
41570
41578
41581
41583
41584
41584
41587
41590
41598
41598
41612
41613
41624
41643
41654
41655
41665
41680
41683
41683
41690
41705
41708
41709
41710
41722
41725
41750
41754
41759
41768
41771
41802
41811
41813
41817
41817
41820
41827
41838
41843
41853
41859
41879
41880
41881
41884
41885
41892
41894
41898
41900
41905
41917
41923
41924
41932
41938
41945
41949
41954
41962
41965
41966
41969
41977
41979
41980
41983
41989
41989
41991
42010
42012
42018
42023
42023
42024
42036
42043
42047
42052
42068
42070
42075
42076
42082
42104
42105
42107
42124
42130
42137
42139
42140
42141
42142
42143
42160
42160
42162
42170
42172
42173
42178
42179
42185
42187
42192
42199
42203
42207
42212
42217
42223
42246
42263
42279
42283
42288
42296
42308
42310
42318
42331
42338
42339
42355
42357
42360
42362
42379
42380
42391
42391
42401
42402
42405
42412
42414
42418
42418
42422
42424
42444
42445
42451
42451
42452
42467
42468
42469
42471
42472
42474
42481
42496
42496
42520
42520
42523
42527
42527
42529
42532
42536
42538
42541
42544
42554
42561
42566
42566
42569
42583
42586
42598
42600
42603
42603
42604
42604
42606
42608
42610
42617
42621
42625
42627
42629
42631
42635
42646
42647
42653
42666
42670
42681
42683
42687
42693
42693
42694
42698
42698
42698
42709
42711
42712
42713
42716
42723
42727
42732
42733
42735
42753
42758
42764
42765
42770
42778
42789
42792
42793
42797
42798
42804
42810
42810
42820
42838
42854
42865
42867
42882
42889
42899
42912
42920
42928
42930
42937
42944
42953
42956
42970
42971
42972
42979
42979
42983
42993
42996
42997
42998
43005
43011
43012
43015
43023
43028
43035
43041
43048
43050
43060
43063
43066
43069
43075
43081
43095
43097
43108
43108
43111
43114
43119
43120
43122
43133
43137
43140
43152
43152
43152
43156
43163
43181
43182
43183
43186
43187
43190
43192
43193
43194
43197
43197
43214
43223
43224
43224
43226
43228
43229
43231
43237
43242
43247
43251
43253
43260
43270
43273
43281
43291
43296
43298
43302
43303
43310
43311
43312
43324
43325
43342
43342
43343
43345
43357
43362
43370
43372
43373
43381
43393
43393
43394
43401
43407
43410
43411
43412
43415
43416
43428
43428
43441
43442
43444
43451
43454
43465
43469
43483
43484
43487
43488
43499
43502
43513
43518
43522
43528
43529
43530
43534
43535
43537
43542
43544
43547
43549
43551
43558
43562
43571
43574
43574
43578
43584
43584
43585
43591
43592
43604
43605
43605
43612
43618
43629
43633
43640
43649
43666
43674
43675
43678
43686
43688
43697
43699
43704
43712
43739
43740
43742
43745
43748
43752
43752
43756
43757
43759
43764
43767
43770
43775
43777
43780
43792
43795
43819
43821
43827
43827
43835
43841
43844
43844
43853
43855
43856
43863
43885
43896
43897
43902
43906
43906
43906
43907
43910
43915
43920
43921
43934
43935
43936
43954
43985
43998
44000
44004
44007
44013
44016
44018
44023
44029
44033
44052
44052
44058
44060
44062
44064
44067
44069
44069
44071
44080
44083
44097
44099
44105
44108
44110
44133
44134
44143
44149
44156
44156
44159
44159
44161
44164
44169
44178
44186
44208
44210
44215
44219
44225
44225
44226
44228
44233
44234
44234
44239
44262
44265
44269
44271
44271
44273
44278
44282
44283
44283
44290
44292
44293
44297
44299
44300
44303
44303
44304
44317
44318
44320
44321
44322
44334
44341
44364
44365
44372
44379
44385
44392
44393
44394
44396
44400
44411
44413
44417
44423
44426
44426
44434
44434
44434
44440
44442
44443
44446
44447
44448
44448
44453
44454
44458
44470
44477
44487
44489
44493
44498
44503
44504
44507
44511
44519
44527
44538
44539
44545
44555
44556
44558
44566
44572
44580
44588
44600
44602
44605
44607
44615
44627
44628
44637
44639
44639
44641
44642
44648
44652
44653
44659
44669
44676
44678
44683
44683
44695
44698
44703
44704
44710
44716
44717
44717
44719
44726
44727
44728
44730
44734
44739
44741
44742
44751
44760
44761
44770
44776
44795
44803
44810
44811
44821
44824
44824
44828
44828
44829
44830
44833
44835
44841
44844
44848
44850
44852
44863
44864
44868
44874
44875
44876
44876
44891
44894
44899
44916
44919
44928
44929
44938
44944
44946
44954
44956
44961
44964
44969
44970
44981
44982
44984
45000
45005
45005
45010
45011
45022
45026
45026
45031
45031
45038
45047
45063
45063
45067
45072
45072
45075
45077
45081
45085
45086
45101
45105
45109
45110
45129
45131
45137
45142
45144
45156
45157
45161
45161
45165
45165
45175
45195
45202
45208
45214
45214
45216
45218
45225
45225
45229
45229
45236
45239
45242
45244
45254
45265
45266
45274
45275
45281
45284
45287
45294
45300
45300
45316
45316
45322
45326
45328
45333
45333
45338
45353
45356
45360
45376
45380
45380
45389
45391
45393
45400
45402
45410
45410
45414
45418
45421
45430
45434
45439
45440
45442
45444
45446
45451
45455
45455
45456
45461
45461
45465
45467
45469
45482
45488
45489
45489
45505
45514
45517
45518
45519
45521
45527
45528
45534
45537
45537
45541
45545
45548
45551
45554
45556
45565
45569
45569
45574
45575
45581
45589
45592
45593
45601
45605
45608
45609
45622
45633
45637
45641
45641
45656
45658
45660
45664
45665
45665
45671
45671
45679
45682
45684
45687
45688
45690
45695
45696
45697
45698
45701
45710
45720
45723
45730
45732
45736
45739
45748
45752
45752
45754
45761
45768
45772
45778
45790
45799
45801
45803
45806
45808
45828
45832
45847
45849
45851
45855
45857
45858
45863
45863
45867
45879
45881
45887
45892
45894
45896
45897
45898
45899
45902
45922
45923
45932
45937
45945
45951
45952
45962
45963
45969
45981
45986
45989
45994
46010
46011
46017
46018
46019
46023
46026
46030
46035
46042
46045
46046
46047
46053
46055
46057
46057
46057
46064
46067
46082
46085
46087
46095
46097
46103
46104
46105
46107
46124
46126
46128
46130
46135
46140
46142
46152
46154
46163
46169
46173
46185
46186
46190
46211
46216
46222
46224
46227
46229
46233
46234
46243
46250
46250
46254
46267
46269
46269
46269
46287
46292
46294
46295
46295
46300
46310
46310
46310
46327
46327
46334
46338
46346
46362
46367
46369
46389
46393
46396
46397
46402
46406
46406
46414
46422
46429
46435
46437
46437
46446
46453
46457
46464
46470
46480
46485
46486
46488
46500
46505
46514
46518
46522
46526
46531
46535
46542
46545
46548
46549
46553
46553
46555
46557
46560
46564
46573
46574
46575
46577
46580
46584
46587
46590
46591
46593
46606
46607
46613
46617
46618
46624
46635
46636
46638
46681
46682
46685
46690
46690
46695
46695
46698
46708
46710
46711
46729
46730
46736
46744
46746
46748
46748
46751
46756
46759
46762
46762
46765
46765
46767
46768
46777
46782
46785
46793
46795
46802
46818
46821
46822
46823
46824
46826
46834
46835
46838
46838
46859
46863
46865
46871
46877
46877
46879
46879
46883
46900
46901
46907
46910
46911
46919
46922
46925
46928
46936
46936
46946
46949
46966
46974
46980
46982
46985
46991
46992
46992
46992
47001
47023
47024
47028
47032
47035
47036
47039
47042
47059
47063
47070
47075
47080
47082
47083
47096
47100
47103
47115
47120
47126
47133
47140
47144
47157
47161
47172
47172
47181
47181
47182
47185
47186
47186
47195
47199
47200
47200
47202
47214
47218
47220
47221
47225
47230
47231
47233
47235
47238
47240
47241
47246
47249
47252
47254
47256
47257
47261
47266
47268
47273
47279
47281
47287
47288
47288
47289
47290
47311
47311
47321
47324
47326
47338
47354
47358
47362
47362
47362
47380
47381
47386
47393
47395
47395
47398
47400
47402
47403
47403
47405
47406
47409
47411
47412
47415
47415
47416
47419
47419
47434
47437
47439
47441
47448
47460
47460
47461
47468
47474
47479
47488
47490
47494
47497
47511
47512
47522
47525
47537
47541
47549
47551
47561
47567
47572
47581
47581
47591
47596
47601
47602
47602
47615
47616
47621
47624
47625
47630
47633
47635
47637
47639
47639
47644
47645
47649
47651
47652
47674
47676
47684
47696
47704
47705
47717
47719
47722
47730
47731
47732
47739
47746
47749
47749
47750
47766
47771
47784
47789
47794
47800
47803
47806
47820
47826
47827
47829
47831
47832
47834
47835
47842
47842
47842
47847
47852
47863
47867
47868
47871
47884
47888
47912
47929
47933
47943
47947
47952
47972
47978
47985
48001
48001
48002
48009
48016
48016
48016
48017
48018
48019
48024
48031
48038
48046
48058
48067
48071
48074
48079
48087
48089
48095
48095
48106
48110
48126
48129
48133
48147
48151
48158
48178
48184
48185
48186
48193
48202
48210
48210
48212
48215
48222
48226
48227
48229
48231
48231
48232
48234
48237
48242
48262
48265
48266
48266
48268
48269
48289
48291
48293
48298
48310
48321
48325
48347
48357
48359
48360
48361
48362
48369
48370
48381
48382
48393
48421
48423
48427
48437
48441
48444
48455
48469
48478
48485
48491
48493
48495
48496
48507
48510
48513
48522
48524
48527
48527
48532
48536
48541
48549
48558
48562
48562
48564
48569
48579
48579
48581
48585
48590
48592
48594
48595
48600
48601
48608
48610
48610
48611
48612
48616
48635
48639
48667
48671
48674
48682
48690
48692
48696
48697
48697
48702
48706
48707
48709
48713
48716
48735
48742
48743
48752
48756
48759
48785
48791
48796
48805
48812
48825
48826
48830
48839
48849
48850
48854
48860
48864
48864
48875
48884
48891
48891
48899
48902
48905
48919
48926
48931
48939
48943
48943
48945
48955
48956
48965
48980
48984
48986
48987
48991
48998
49002
49015
49022
49024
49029
49032
49060
49075
49083
49088
49090
49094
49107
49107
49110
49113
49114
49114
49117
49122
49122
49122
49136
49139
49142
49146
49147
49149
49152
49153
49154
49154
49158
49162
49166
49168
49176
49178
49178
49184
49186
49186
49193
49204
49204
49206
49228
49233
49235
49241
49250
49251
49256
49258
49259
49260
49266
49269
49272
49289
49292
49292
49293
49294
49306
49308
49308
49311
49315
49320
49328
49332
49339
49345
49354
49357
49359
49365
49366
49366
49369
49370
49384
49395
49405
49416
49422
49430
49440
49445
49459
49461
49466
49470
49470
49471
49473
49474
49492
49495
49503
49510
49515
49516
49517
49521
49523
49530
49534
49539
49548
49558
49563
49568
49573
49576
49577
49577
49587
49589
49597
49598
49599
49600
49604
49609
49613
49619
49622
49636
49648
49665
49680
49693
49694
49702
49704
49705
49711
49719
49734
49740
49742
49746
49752
49763
49763
49768
49774
49774
49774
49776
49786
49788
49796
49814
49816
49819
49826
49827
49828
49830
49833
49835
49838
49842
49865
49874
49877
49882
49882
49884
49886
49888
49893
49897
49897
49903
49917
49934
49936
49939
49940
49947
49947
49949
49959
49969
49969
49972
49972
49973
49980
49981
49983
49991
49993
50000

CPU time : 3.407058000564575 sec

Output Time : Fri Apr 30 15:10:08 2021 +08:00
