22693
30780
17120
32944
42467
22802
23001
39579
21988
23052
49949
14540
23040
43592
21942
33415
20774
41884
7086
1442
2335
5568
42625
40683
26834
18485
42608
964
42070
42424
43357
3187
44964
13449
27028
29787
36084
18904
26864
18419
32471
21966
29453
12751
32460
46250
34132
29391
16637
26260
25832
4482
26386
26301
42681
18422
753
38259
37166
26525
36673
29835
32276
24487
2213
29359
1166
39682
37758
7969
1682
42192
15343
22625
36087
19856
30767
5948
19981
46097
25653
19548
43483
365
34191
34444
40475
36033
16412
25967
19253
49711
19940
42380
16416
7177
1408
16018
36729
17292
4311
39514
44938
42472
45989
49819
12891
41168
35753
49774
34879
33435
39835
27265
39661
41217
33795
5814
20245
44717
45665
28201
43325
11586
6999
14822
37533
18021
36597
31700
21660
49981
9777
34865
15776
3979
37491
27789
24706
38354
30053
49648
36437
46838
29191
1459
33397
4936
4024
37111
24383
49636
27888
29037
8995
6172
337
40314
5222
37774
23800
41255
29921
26035
38050
7215
2392
25520
3385
31207
13960
8081
36490
6100
1167
8138
2924
14307
7139
7855
40373
34785
14041
49558
15500
5854
35175
39382
30477
28790
48564
36531
23537
46795
7604
11989
12865
46535
12731
8438
47581
450
9530
31176
27351
23497
22851
6068
32025
10988
5744
48193
17522
1901
2917
6871
7017
17254
5636
821
1348
8529
19986
37318
47448
12810
10011
49258
21184
38190
4221
40373
26498
11915
23904
48087
29889
33930
42627
38135
25687
11399
48227
38788
18224
41750
31946
19207
25797
46414
32564
30655
19086
18654
15061
30074
39431
19153
3579
23516
24515
27097
12899
5744
14665
6968
23694
31489
23201
156
40956
2169
945
25085
917
21463
3510
20714
27262
28027
9260
49563
35925
27973
36060
27834
46748
37970
34986
3428
45519
25895
10354
45281
13409
16544
7958
18177
37538
26127
7010
40169
22199
13258
48692
44641
13833
18281
22841
41182
21036
32900
2753
11431
30648
9519
4741
38318
30044
29835
29806
2359
41382
19672
23153
20811
3161
19122
47324
21054
28954
13216
7044
26463
3057
14366
12552
29156
20375
6321
4456
3395
16982
16480
40675
43591
5113
16600
16568
38325
33128
19742
33075
48478
17366
33929
30753
20148
49991
4269
31472
22644
16394
40091
11629
47182
43827
40033
48735
36550
18227
25114
16309
31200
16177
27308
1317
5497
17130
10439
35927
11794
31487
13871
47468
15621
18712
14
34724
9993
15532
7944
10645
22482
20877
41811
20075
37036
23855
46327
47393
3800
24301
13612
21414
17000
7700
6739
43574
25405
5745
43060
44282
14043
48129
44239
7144
40307
22057
35327
35514
4270
8253
7049
7003
12656
12075
47362
522
12968
18860
11759
21182
14152
17312
22715
5529
25128
35381
46590
13555
8575
27604
26440
7454
10433
14866
39334
37858
15772
45010
6044
22167
8076
34072
35915
33137
3043
44293
48608
11085
25185
2044
24271
12945
21852
4615
44511
28693
16962
19783
20168
48611
35497
50000
17435
12746
1802
9963
22583
28914
45679
36750
5563
37642
39263
44876
32895
14971
10197
25088
34373
33332
22049
22053
46765
24723
43612
2412
4529
15195
30670
46531
13612
31105
35186
16065
43513
28881
31059
37905
21171
17544
49060
45697
45254
36409
44538
27725
18367
26931
21935
35603
21798
16119
15278
38041
31526
12397
49517
1139
38742
44156
36693
9698
23673
43411
1460
43906
37695
38274
5874
29429
36152
19210
33490
31894
19184
26879
49416
20471
36456
21287
5038
23611
15070
32525
17382
8859
22812
32091
20976
41147
4355
5992
32076
15833
38289
28767
1511
32299
19954
25790
36313
46545
3787
38209
49365
11901
2056
23941
24073
38354
30161
20419
39430
20437
43819
40421
9125
31865
24470
16477
14700
10007
4815
28922
9549
4937
46389
34702
7564
19544
43381
35943
43401
28972
23616
44730
9225
30064
2894
3508
10257
11647
7481
25150
31902
6092
4475
43777
9502
16674
23960
141
32660
15943
41403
41966
12010
23817
5257
43907
7809
31620
49983
25695
32196
35737
44110
21082
16034
43528
11097
33695
38328
31175
25512
6119
45442
32093
10092
19744
8062
16809
26852
18781
34946
3474
46821
3255
7651
20336
33081
8112
19671
1421
44659
31394
20490
35884
4870
12182
11105
9289
23822
24521
47871
44875
25171
36460
17111
29235
6628
26984
7990
3921
33264
17285
33674
9609
16512
36300
28903
31090
10537
41563
5756
36730
29437
20498
13430
25625
24060
4682
16168
34641
2907
25601
17149
31038
15839
46834
5552
43247
3407
19367
3885
10865
1375
3715
7871
1717
28650
27153
19787
13522
33704
46042
4029
49973
44695
49705
49897
19771
8160
29917
41173
25524
38073
10126
32791
11874
25326
4840
36264
13941
21138
25790
14093
6585
7570
27134
25627
38909
36673
33534
46346
7623
45808
11005
45748
39305
18878
47591
42698
7435
22584
47200
10469
32731
32361
10416
19110
42998
35118
23301
25599
18859
24744
2929
1078
35242
315
18173
47321
48697
11181
22562
29934
18743
31263
39127
37923
13666
9392
715
29868
15931
3771
503
4401
14643
44278
26642
38996
25926
24528
29888
7518
44320
9470
32301
12047
3562
25556
22632
10405
22793
10467
15907
8254
26566
45867
5625
47289
35576
23059
21688
32842
47511
12826
23046
27375
31689
42972
9190
4391
1120
12748
7733
39414
45951
39554
17645
46422
21227
12568
35220
5947
20091
17289
20434
19117
16817
19571
15863
43224
38811
8568
15955
38271
6017
14604
26013
28151
28448
17324
12487
18074
30294
10690
9797
943
28134
10503
48441
41565
33806
6762
26698
14461
5546
24130
48569
15502
42481
3240
39362
20539
15894
6659
14343
25938
33066
14278
3748
44470
38341
3229
40454
49746
18622
645
11648
42187
12756
43253
12124
24749
41182
47225
18429
21764
46154
22834
28008
39324
13190
21282
29361
22601
43618
16260
47437
31487
28428
31165
43678
20677
6030
875
20057
7133
44303
659
2419
23928
20335
9818
31883
39144
38431
40465
37868
22076
39548
14607
23174
46135
49816
27121
37851
26410
49704
14306
37914
10498
29134
8468
45518
43488
30969
18458
12897
18106
37236
18240
14137
22662
22815
37975
44981
21861
26764
1022
40654
22873
16908
20352
6748
37631
26628
6258
19295
12891
24450
47479
35942
9636
14249
31406
15027
26414
38381
43186
30917
28231
46294
10089
40150
10945
16458
14850
22406
37198
730
32187
29889
6630
7377
17974
39513
23865
20667
38905
22893
9309
46518
36916
47221
42566
16219
11207
43920
7448
32401
24499
5469
32127
12966
12188
31661
12788
20705
12959
6501
28743
8009
12043
20566
38576
49250
8887
41306
1632
4929
594
3535
35121
80
27868
41654
43075
41802
26185
1168
38705
44234
44637
963
11345
37679
990
20250
28684
37582
32359
14296
49886
11811
7451
32190
22417
9658
11795
19504
12590
5905
48046
19635
17309
42956
39332
28664
9130
20740
46762
1138
6798
23501
41172
45720
4410
44566
49015
38702
14179
29678
22466
21665
2440
35162
34098
5251
33242
39954
30192
37369
19697
17453
25122
31326
39077
23928
21991
3658
19093
25771
2225
23246
13585
13620
38740
16217
32293
43372
23351
24269
36038
6583
29785
49154
47195
34004
1375
8049
19926
7459
20128
9458
36055
35045
43140
33013
34086
20269
33328
33263
9633
10992
46900
33285
48805
10489
25347
45575
11644
13446
26653
42647
24496
30213
16853
47601
2347
38589
28760
33579
41467
35464
19724
22497
43821
44297
47842
19905
9995
41382
9305
33063
34550
45300
19901
18745
26655
23005
17150
46480
524
35236
27181
4216
30433
35978
27634
46402
39160
30805
43697
2119
3706
14144
4937
44751
570
39907
25467
16385
29521
3232
1294
9754
32235
17362
7797
45274
49568
8599
5236
2570
35618
22191
9811
7114
18110
10148
45894
22354
42930
26154
35260
35158
42713
39159
27367
49308
39633
27597
21334
9979
28286
36307
10082
16182
26559
30051
21113
40034
41813
46338
32643
16771
24409
41419
30296
45063
6035
1777
19309
43023
41394
19350
24773
23326
34811
21372
4240
35453
20627
44023
30030
8558
30572
2380
34947
6662
30174
33384
47602
14122
36618
44317
42140
21752
30254
19542
47288
25711
49366
10525
30619
1245
24486
30422
29027
38928
8900
17771
22778
29813
37067
18013
45696
36410
47943
43742
27534
1847
12747
46300
12732
26487
2621
43910
650
33475
4497
18705
3008
9455
8692
24102
21638
23465
47525
32390
49589
49539
11824
24762
12757
42944
2270
24084
12891
8143
7796
22733
40629
8804
14025
48507
39277
49430
37015
48126
40748
33681
36676
21686
25780
47441
32042
26733
39515
37476
24108
18645
48926
2664
12773
10294
10874
6897
13707
21083
20694
26648
35595
5457
8143
6166
42207
48359
9286
24090
42075
7958
7307
4602
21161
25025
24715
25915
23265
23401
48178
15125
36652
44704
430
10039
47419
21153
19351
12222
46759
3036
5481
2968
15053
34510
43841
31463
7487
22259
2163
9645
43752
15539
5440
18198
36857
4750
6448
43291
35805
16564
4243
3770
16757
3947
43748
48524
30248
4385
36453
13439
49168
23019
18511
29738
11969
43097
6407
25277
2039
36539
22164
9225
42996
37947
30362
9512
23360
18345
47240
30192
1294
6316
34981
20724
7338
45505
42765
20592
43897
25151
26849
5092
2390
45218
24419
45994
5948
19521
3170
41207
23796
17403
37513
41881
11898
37970
47806
7480
35135
12260
35455
390
46104
30964
44071
36526
44477
8526
4311
14144
33162
37699
16500
22411
24690
32093
18558
26694
11707
31640
12094
23469
34765
4253
38545
26374
30276
7640
32132
46591
9836
16502
20182
46057
48541
40111
39909
35693
43303
34186
16509
31897
25658
47978
16565
12175
28365
47032
30092
17904
45981
35423
19757
14820
48759
29816
34179
13020
23144
49613
24549
43415
45803
27772
18713
13679
34646
31074
35375
2195
24707
5399
40719
7924
20347
3476
7294
45391
20329
46211
24041
41384
34835
1272
41584
7920
30245
28815
17095
18838
45851
34377
31620
25689
30987
41159
14770
21186
44970
26662
48864
12369
29264
33325
41096
44770
1430
25280
19672
27526
19356
34500
43745
36743
9058
1976
9387
49422
47036
24768
26320
16266
45969
3941
43394
22374
12039
18851
12478
27776
3312
9237
28875
23210
41244
45541
41989
28580
22938
15553
25375
41232
13884
38065
2339
2182
8869
27697
17306
35127
32230
33005
40704
11354
12687
11085
39493
18905
20756
41624
11434
8575
14513
1016
26623
29880
38347
1314
10871
6865
8784
27905
12208
31495
31246
41690
22945
22057
27656
11617
17935
4938
46549
27519
27379
25945
15957
45581
37710
31603
9399
36165
37622
23291
7802
24566
3026
37620
11414
3098
2866
41898
8951
11764
34446
41269
26973
47181
32482
21614
13482
10556
31657
41020
23285
48707
5068
13456
17484
41243
44434
16134
24726
3845
6528
39442
23473
29862
46082
37400
20726
8885
7420
5246
37463
18429
41006
17438
22210
12504
15870
37820
5113
2062
1199
11220
1267
20628
46928
46233
13912
27956
17799
43885
21659
3422
19045
37409
38774
27000
21410
36402
733
42804
1354
9868
34956
21293
4505
2444
9144
3076
15450
28706
44734
14068
34894
17642
19575
24963
16357
36593
49972
29832
45489
33197
6865
47696
31654
8179
32286
19635
24299
18200
1650
2256
15549
40114
671
21837
13981
47172
37643
34500
3436
12357
2515
26063
33167
3084
34903
45622
47186
305
5879
33373
3328
8832
37982
39839
7810
3750
20872
40398
3819
16714
42979
24875
39480
32858
46429
22262
44271
7943
19377
23159
8258
28795
36957
18921
26759
38457
24662
3633
14104
47256
22284
34802
27520
32263
20426
47704
16604
45072
37103
19416
27603
2611
28041
18911
20361
38886
38045
47024
19821
33713
19764
14838
21919
45393
41680
4979
45142
13167
8922
871
22878
11729
4179
27162
8229
36551
44099
21476
3739
42124
23875
33186
41932
18635
35492
4618
3452
16088
33385
35867
48325
12203
32362
716
10749
29919
29189
32029
18170
16829
3037
33370
5346
38710
11831
1391
39455
30040
46406
41472
38314
48592
47474
46638
18219
5400
33596
30099
4815
27768
34747
44627
28448
49768
39582
2301
41709
7150
10508
30202
14445
33951
30356
46911
6315
45086
2443
48513
41923
27114
16066
13741
8839
47416
43312
26297
5962
8469
7098
46624
1429
7839
19321
23337
4288
27223
33453
49917
9648
22956
30413
44776
28704
16281
2126
48212
35582
1740
31248
40821
20104
28169
44440
8047
28287
12707
33997
28633
34461
40709
10837
31181
25371
28005
3426
49328
14012
3438
33947
19664
42569
44321
14963
29116
32937
35166
18905
26295
41949
40886
3695
7678
33715
1153
35153
13753
5066
18189
44394
13103
4665
18991
30245
33932
25293
2355
22519
39251
27321
42452
30243
19382
30289
11922
26073
35688
9784
21356
8655
34019
43499
47749
44411
33515
11718
37234
7631
32776
22032
47403
43224
43281
34934
22631
19538
27480
14140
26670
14659
21330
47202
5677
32777
31965
16331
3268
10025
42357
22580
46
28688
29046
33721
41176
14001
36404
7903
69
8924
11072
49359
39358
31049
39957
639
7047
34821
23448
44365
31241
17813
31939
10997
12151
4909
32458
26833
24632
2174
46095
44013
36204
3513
15053
12525
16202
20606
14968
30929
35592
14579
6597
1158
43111
15736
32235
13163
20385
1820
31907
49002
37822
18062
538
25753
29821
47676
5322
31428
28254
7944
37913
38862
2007
35904
12545
9196
23708
2730
36853
32364
6765
45537
21138
49241
7200
33229
2853
28128
25736
40114
26505
36970
44717
12683
39719
11383
40067
20550
26575
12724
12335
18188
47039
813
27327
29540
8323
32225
25946
25871
46946
14709
22816
7671
6108
44919
45421
37639
40302
47406
2603
25820
10972
46826
36148
43502
46446
4415
5699
36042
39062
11474
36374
13387
29020
40970
19106
9424
36407
16093
23332
46369
9707
5511
30441
23953
26716
22839
32346
1547
19327
44653
34988
25250
30938
19526
45592
36142
31589
27473
20225
41105
18297
5582
23865
41969
5975
20261
38449
34838
16761
41234
39193
21685
35756
34820
8943
7970
20401
3137
9028
7011
13011
36203
7062
32154
3860
28931
8525
382
37731
47831
428
28722
29335
18392
45316
42360
48716
7757
40914
18675
41310
47246
17891
18783
18897
30870
9718
9895
26391
15141
3703
25859
8356
15131
39600
40058
6731
41817
32943
13475
17943
1281
19138
35589
27646
2146
23212
32676
11659
10397
10431
1499
28934
43035
26637
17835
39360
39847
46267
5193
19917
30668
42792
9799
39277
17553
5660
28416
39341
25367
49969
17307
23922
37686
13177
14305
28738
18009
15138
25563
10809
30962
26113
40482
38059
45216
14558
31335
38045
45072
19271
7969
11449
28015
46574
9794
9932
8862
47126
29917
31997
26102
3097
17509
29370
15142
46173
10252
13765
18574
30429
27329
5159
47541
15291
17030
22264
41211
46555
36879
21383
42789
24922
33798
22912
42178
18621
27223
11801
27896
33770
18500
35375
42604
44208
44727
43237
7431
2894
22093
11823
38713
42631
11840
41266
16916
21716
37298
15151
37749
31185
38788
40113
27113
36173
32042
35887
16075
48612
5741
23894
10046
37872
21501
23229
5297
35161
22407
20655
34678
35176
10376
9156
21337
2506
34905
43469
47096
29746
36417
33222
6169
31785
43792
26402
34584
3306
31035
12007
38676
12579
608
46682
42052
16591
33025
7747
48265
7466
12628
44841
47842
4329
21061
45265
14689
29173
10778
5920
1399
12778
36323
17644
24290
32084
37273
22909
22345
2810
49308
19362
42047
43310
48590
31110
6892
23444
26832
21754
12709
19638
3429
40769
1522
29987
1018
8999
35003
8824
7726
35276
32849
30526
6351
2934
2624
4741
34170
19465
2760
46227
3813
14214
39844
27027
38969
5781
28203
26162
49776
33895
16809
41094
21351
35331
9290
5515
35832
29918
31734
34905
18689
31088
29106
44984
14158
9208
47616
43584
45011
33430
26461
43844
5107
5760
37347
4908
9617
6651
1616
25925
21781
21747
37685
43251
29949
44169
24750
12565
31707
15118
8175
15181
31718
21890
22968
39591
31246
7728
37824
7779
20981
31204
29377
34722
27468
9969
29370
4579
24991
17784
61
35840
13319
36465
27106
23424
33145
42670
36518
8832
17363
19567
31434
26763
15912
43780
15519
28971
25477
32275
19593
18355
26344
44052
48001
37786
10286
38707
44615
47722
17518
5252
44379
21667
3236
13339
6132
40597
27266
18784
28272
8191
27440
7333
37761
47254
26462
44454
808
6991
15012
35222
14765
44830
25489
29456
44556
12788
9994
48266
29554
2448
12337
26841
38439
6982
27984
31597
5334
37828
49882
33916
47827
31133
49114
8741
47972
24054
29866
43444
13368
33495
28599
4389
20300
33438
43416
46010
41838
5577
37320
32922
3531
42764
14777
40294
15638
41006
18919
37810
14393
14425
5359
39116
2892
23749
36232
13997
26863
32081
14824
2392
22201
45656
7069
5202
8824
27591
46026
767
7360
25023
24327
49146
25832
14066
29338
26528
3383
18640
45806
35362
13145
30157
27822
27478
28356
25366
2597
23228
42554
41312
42983
6242
19603
47273
11241
11839
41033
29509
39255
27482
25813
29408
2311
8889
48291
20182
45063
20592
4075
19437
24961
12044
49959
20799
23813
10368
23989
33542
8498
2383
47120
49440
34020
34619
29679
13398
21464
21666
8758
39715
897
45554
3110
44969
28621
46751
2943
34763
40626
2647
38338
13083
46505
21160
48706
37834
34148
33636
10455
47829
42160
32123
36527
30025
42997
2510
550
9644
21125
39322
37586
37772
43835
2793
14807
2983
30108
33047
18820
41184
35397
35806
13524
17771
39588
37049
49796
1670
37221
8619
23131
18755
45732
9416
8288
40990
2772
46190
45236
19810
46818
49972
962
7135
29318
19769
39012
39237
26719
32064
22818
1104
2665
40220
29273
21317
47028
27786
20110
43739
26850
36774
14594
12306
27523
25364
40370
8848
41311
35246
25976
31772
22625
11994
43770
46023
27240
39470
23730
6217
36895
17177
42646
18335
28989
25355
35521
42979
38650
28301
23766
47279
18601
41546
7289
19033
38666
30138
32180
35277
10959
27747
1852
46879
10545
48742
30208
48864
20874
25664
14132
12128
13454
38222
28645
31119
26988
48009
28148
13187
9749
16986
48031
38224
21770
34475
25208
20726
12658
37174
16657
17558
15622
29546
17019
45022
19192
36085
23267
15221
47080
25570
27312
42338
41584
31254
21685
46793
21732
45195
4014
9020
34252
14996
18614
14565
19342
23631
49936
22311
2486
17682
36621
12012
35263
30369
38783
18530
31112
42496
7344
30311
18870
36071
48965
34956
47717
23244
36285
29256
4005
7168
49178
3624
21489
44233
32494
29089
19206
44588
47381
44134
31460
49888
10809
32234
24577
994
17928
20673
3141
33209
18287
21488
27086
31480
45239
32236
3352
48095
49719
44669
30640
21361
44299
46974
2084
20094
39099
7886
28640
25502
16113
48268
6683
10125
45641
20206
45897
32553
36138
9349
17120
8395
2633
37710
44652
32440
6353
28906
13767
43934
3639
42012
36263
27340
8880
1242
30123
33092
23507
35331
43487
31389
6953
17220
15097
953
2553
511
171
16507
25948
46883
22574
49516
23805
3009
13061
25867
41091
12283
5815
42104
19465
12393
43119
47494
39184
20535
36686
66
45225
36264
2203
12462
32894
3310
38055
11441
38091
36453
21534
34591
40763
42778
1891
44803
14766
4672
38179
22539
44029
3596
14084
1636
33624
872
32360
39337
43302
9212
31853
14103
48360
21025
28532
40847
19610
12462
16518
15482
43343
9481
5828
31613
47409
36920
24269
49154
18141
35357
31333
757
11639
25445
8653
10636
42709
33965
17241
19944
36796
38328
6714
31984
38613
30767
47200
24929
26275
31807
16118
45430
31177
44458
1067
31879
45165
24182
25028
38341
46435
10653
14348
39743
13686
2052
19493
42889
10661
8418
40530
48595
27083
47912
30041
48884
25991
46695
1044
7731
4782
13267
3939
29869
33134
24301
31207
27344
35060
37346
6412
16381
1070
5272
9916
6225
25635
32518
26263
30155
25668
30742
47100
23573
25775
519
40755
17105
6958
19296
15419
42798
48600
26659
33564
22982
43518
33353
44434
11725
42912
601
18929
31886
43229
1885
1051
44108
15588
28898
32648
20772
31020
44678
24947
37991
15251
27290
46087
36407
11688
44683
31951
43633
35151
24362
48362
12572
44262
10050
38264
13853
4010
26650
39068
11532
48133
32841
43066
27470
45899
4013
48361
9657
19951
18862
27416
4260
48262
36400
24555
47947
23274
9819
47771
48067
14079
49193
6094
42523
11024
647
30564
38265
40579
22820
30427
13007
17211
48158
34653
37028
37007
22900
2678
20774
17729
30892
24831
41289
45528
4993
7149
9830
13302
46635
18548
14875
33762
47567
35321
43906
44448
25335
44795
3991
5513
21340
21179
12041
34747
2509
15468
42471
14287
48812
16397
39368
26318
45294
47326
2019
14387
8904
16277
29551
1776
41587
5524
41710
48226
45879
40389
31300
39509
4947
14742
34695
17480
36679
26584
19158
3362
21174
36856
49877
15344
10416
15439
46746
37455
33661
30311
5767
15477
26335
13635
6854
42355
25211
27453
32338
8961
41945
1621
15930
47395
11636
25265
20939
48690
30611
850
39278
22410
17307
48357
47288
43226
34099
20873
9341
39079
42162
44265
31497
37829
4992
21041
6568
21291
43137
20998
2619
17932
20441
37775
32385
20577
36590
13736
700
7539
39478
28850
8984
22720
43451
21059
11905
40394
21972
8191
26085
5154
11061
25509
26519
5673
44944
28322
12114
30616
40322
4651
24305
47867
34500
19088
6891
41266
49530
8858
45514
2156
49619
35645
44558
734
26086
26383
26706
18694
991
42882
14472
43028
26882
31764
37165
45275
38952
11072
42402
16861
14181
25966
42418
41299
39573
30930
37609
38958
35558
28103
17923
39850
35214
20310
45284
22565
7366
48321
19999
28013
45754
34312
15503
7411
22807
28934
18625
35709
11705
41002
46822
6104
26892
9113
32982
9001
43015
24779
38279
22092
4788
39141
3592
6671
9996
49315
15105
7283
36059
5433
32543
4973
20160
21653
23084
14392
44149
10739
9264
13162
1887
5613
26882
3158
25704
14002
14379
19154
40657
4525
1204
31450
45892
39804
44004
41034
9463
2456
11743
19972
36817
35059
1836
45658
47933
23942
8134
23489
922
9908
4949
49604
7643
41879
29043
11985
9498
30325
18473
10957
36144
29399
37759
4083
36231
18854
33970
35007
4489
47144
22187
41390
22331
20673
34018
32062
3855
5199
34929
47820
1664
43410
35324
49576
27626
49306
48955
18212
4161
4200
25842
46736
48242
18579
41298
28638
30378
48210
18244
37942
44225
13735
34619
39193
3428
29807
9423
11660
45545
31311
11314
36614
36361
3885
450
20316
49940
49339
32210
25773
14856
10684
47651
38863
46222
6166
35088
27884
11977
9892
21287
13718
8800
40408
40785
27783
26734
10959
2830
14146
5331
34669
2946
22655
48635
44761
25166
9303
6917
3826
24100
33202
19786
7651
39281
10438
21906
19022
36048
31897
5148
29681
13090
32796
47639
9486
40196
14572
37093
41485
37814
10190
30319
27873
1574
27801
39045
44607
49184
15140
29205
25757
13405
35721
35594
35705
25449
36373
8273
47405
7346
41492
20849
34302
12424
26498
36047
38647
12568
7186
6812
29277
18977
18374
27874
31213
37123
7139
21177
32034
38370
48231
11233
46607
12816
20679
12869
2439
18835
17817
7140
40712
49742
10909
6641
20626
3389
41754
18294
429
44929
18027
43935
23736
22653
24948
23866
41157
29458
10694
7786
24792
15863
48016
36654
3185
32609
31092
15629
22785
21864
12181
35509
31161
37895
19001
3168
38083
14274
247
20064
4580
11327
24254
27861
1703
24683
285
3264
20364
5671
2690
29756
24673
47645
49763
7612
29144
44828
36290
24327
45701
47235
42865
44519
5270
19608
40857
35018
11827
49176
19651
32751
37347
42362
34259
38916
33265
29855
1691
42318
24081
8948
37270
40099
1065
15566
37545
5757
38847
49827
16581
2260
1278
49865
18708
32910
36146
12386
3453
53
14271
39039
23369
44844
945
38782
15507
31572
11144
17909
12790
11196
33916
42970
11277
28456
49763
28060
22271
47075
34967
7922
42727
21105
3558
17873
48393
13608
49405
27547
3404
34853
44064
23670
47512
10969
26458
22484
3082
21752
30670
49251
31740
43182
6162
7993
19052
35497
3509
48089
3125
31339
40372
7261
40701
5918
27775
36014
10501
6176
17570
6999
3701
3821
5358
11581
43012
18072
35562
22323
15358
45608
23659
30161
11606
8033
40766
5854
35340
12940
41598
20372
33595
38304
19322
29713
22993
46142
23192
34426
20335
25686
11827
230
29408
21379
46486
17803
17220
17460
20835
495
28567
43342
37365
31459
34811
2248
19239
29268
23245
44453
27728
3938
32452
25233
45799
4379
22247
9636
39410
11664
26441
35271
18202
37064
12126
48987
41434
17062
23089
49311
22241
49515
13776
44710
22652
21148
20927
44698
4058
4908
21349
22928
16192
35282
46393
43827
9241
28811
29227
3568
8494
5621
326
44007
4882
8326
13543
39250
7976
48616
17915
41977
27551
25568
10433
44811
41965
15169
13765
18979
1730
901
11942
16284
14614
27074
16574
33974
35627
10205
40296
46877
32058
3284
20373
2954
46105
14318
33614
46310
3898
45863
42666
8312
7454
27928
16143
30552
13673
49292
49445
33324
45937
14252
20361
26207
45857
38560
40685
49029
46057
29854
1576
48215
12074
42130
317
10695
37094
45414
30488
38639
37632
27780
37185
17317
44219
40467
49680
29589
7079
35836
23893
27601
4567
39001
13597
7346
25798
31484
39298
38471
27727
47719
36734
19847
23316
17390
352
3219
37997
33911
31612
14252
17028
43362
10420
39930
16321
13531
29140
27006
28510
10389
628
6905
39485
30433
18857
16252
40921
2064
31988
33132
44000
24172
22430
19998
41101
6248
3524
40026
9940
12039
5412
29801
13321
32289
4210
2046
47551
47488
28394
18398
25191
35699
11217
47023
45202
38762
8950
40061
11623
15472
34990
26007
35191
43011
17431
39822
5856
7376
36504
1160
11000
2448
48016
3178
42735
23630
15106
9336
46936
44487
7926
23372
2907
12765
14730
1335
2497
28518
32159
17401
49609
48860
34846
40983
30278
28486
32944
5685
40267
13456
48919
23614
11598
43270
35284
44602
32222
23485
9661
25732
46526
24026
157
13532
5006
20600
43584
9080
44396
27851
12685
13467
2789
6382
12830
5146
18941
33099
31997
1456
19471
14198
8629
14295
16327
46185
191
30958
29798
25760
23507
7900
24931
38605
31662
17295
2284
22892
10573
7444
27703
36180
40888
36453
7239
2190
33625
10397
48110
49474
34747
21228
7548
8745
15594
11889
20607
7291
22147
5661
4201
49694
20936
34796
37531
2966
38061
16831
27131
11077
5743
20245
32179
40024
26269
2363
49534
2878
29557
9086
20549
6491
31013
21977
24830
33142
25748
39385
3020
23441
29602
35678
42617
45902
31481
38582
13510
12505
22111
47884
12471
44164
17342
26800
852
44824
47863
26499
12734
27700
44507
27313
9012
32392
24076
34575
27013
4033
31837
13614
44539
42036
16886
4460
14566
35413
12117
34262
47522
25744
21467
7937
31072
35014
30003
2543
128
49597
5535
19845
13960
25580
23856
31738
13114
36671
41643
27140
28232
48830
19694
7045
8228
19093
10723
37806
14148
32026
20339
22813
29932
37405
43666
27817
15207
49573
42520
2477
43231
12658
8338
36955
37586
22173
33665
46011
42043
40306
2783
41708
6342
1621
18578
45671
44863
44928
30142
44498
31050
37085
1403
38137
45723
14155
36945
10231
27478
30488
13343
46287
21849
42610
21811
10010
12943
37929
20182
20144
29367
46017
21039
40139
40377
16595
33996
25040
40661
29106
7663
35486
8695
47847
11523
38304
8108
13938
33459
48671
25020
31979
29628
24986
7629
14363
41991
22585
33082
26457
30799
33767
2693
10356
2765
22346
20419
40249
19799
6941
24945
37992
38429
45665
32825
29640
25931
7373
12228
3448
28998
42
35590
779
47362
17909
2100
40952
6118
29638
16433
26229
49395
48266
37330
4051
38252
19400
46067
35901
27878
30090
21353
7167
12159
26894
41759
37766
14549
32540
4257
34284
39693
30810
13009
23839
7276
36781
22919
4351
6042
4005
31012
41655
1407
10430
40183
39870
49256
12344
45389
34211
11821
16977
18503
42527
27437
18115
8021
13013
14850
35513
15073
36047
21979
26171
41224
13561
2993
5725
12920
34669
49162
5173
28109
27827
45695
26176
29040
14985
11183
45849
25706
38867
30134
21789
28250
24640
8649
20325
16675
27322
44719
49461
35108
45000
44322
27981
41349
5745
24105
21665
24834
7981
7339
38544
41853
12311
47749
1503
19739
15841
15244
25319
22244
35196
41198
44726
6796
2826
7100
5497
21064
25177
5179
16275
21475
410
45589
48185
24837
3678
43005
18234
37282
5347
34854
19875
18590
27731
2282
3418
10272
31036
8733
39329
12110
40200
49147
21944
551
12055
31206
29534
46711
833
25325
22586
14815
27724
32700
10120
47888
17614
16948
38047
15688
22940
38188
43114
44372
43629
36697
1944
48601
45444
7946
48610
47739
11685
9586
19245
25569
28784
19911
31082
36732
9269
34111
40114
8462
1485
46992
32115
250
5593
43122
10772
20030
37426
25600
24085
48905
2772
9038
42310
43863
41817
48899
16011
41317
2269
6775
27195
42698
21616
43081
26830
28716
24545
31394
6536
18778
10263
43605
3158
19548
49094
9099
48002
3586
5806
18401
24237
29706
16945
40230
39200
34971
43050
44446
24154
23894
6116
14605
38681
16968
34023
29599
42263
14451
18385
47460
32620
21153
22535
26383
20652
40003
44069
35540
9443
31306
14635
18272
34319
20774
44292
22837
33074
44850
4300
25931
1540
34995
18217
48702
12819
49577
18288
19006
47625
25099
22544
23204
31527
31725
6079
37840
17934
39554
19165
40232
49466
41036
44742
33843
23242
20212
36988
29457
35866
17050
6807
10562
26025
32415
31760
6149
4791
23330
33976
41892
36892
11455
19675
314
39755
32136
14821
37059
46575
36552
36828
49884
13386
28537
28772
29206
36857
49122
25684
11522
32175
24073
2857
49075
42223
17279
35591
49622
26583
18449
3319
36544
7016
24417
36591
29029
19103
47001
18773
22275
5842
34895
48696
42698
2632
17066
7596
26429
49577
14352
12864
10513
5211
17266
899
31119
22712
1600
22929
8887
17261
47789
17672
42246
40609
42693
9258
15352
15747
33608
41905
12470
13982
37217
14526
49354
25547
22180
31138
6029
4160
15781
37766
3506
14979
21670
6430
21116
4108
37455
39753
31880
1128
23877
36013
36818
38629
33908
3460
28311
13067
29112
30279
22536
48752
23374
14614
11008
568
468
3979
23426
28949
32345
36587
12786
16923
46250
25588
9513
27945
38126
20073
30766
47249
39023
26700
33109
6214
36295
44434
14573
19784
545
12002
39800
39353
4882
20929
15321
19151
44283
38968
3022
33702
19521
23812
45418
45400
45569
40981
4846
24208
17267
18314
35532
46367
13945
43674
39309
36009
5713
15754
47186
35982
16009
18882
39262
41683
47439
19188
47172
34361
45047
39100
26835
44417
12134
7608
24474
44741
18972
23990
35004
8768
29035
43551
7685
31388
35079
36054
715
18041
986
38158
4047
40852
210
25306
12862
34721
44835
6065
6899
27223
13669
9307
36617
41475
40359
26911
34405
4234
47561
30765
43120
3207
42279
20270
8389
4865
5928
11915
4808
43163
41771
47730
8263
43985
1166
39256
40582
7167
37665
26960
28147
40540
4564
45031
194
23248
46901
6929
26159
35715
10029
35604
45105
45593
11728
16765
29261
47581
20455
33729
48210
43795
26632
29455
34797
43428
37342
27107
13213
41570
12152
22717
36101
5862
40962
31637
6559
20937
24700
35660
24774
31365
10585
19255
4290
1270
36511
34580
34246
41859
49548
13065
35879
38852
37735
16048
44728
7900
36922
47644
3490
4575
25852
6507
21266
27124
15778
47281
11657
49835
48369
40145
23191
37062
35398
49459
21536
28187
4011
35240
13563
22653
39903
29342
34162
28732
40270
14500
48891
10965
2609
20355
23451
9138
19490
3679
44810
37154
21208
535
32068
21891
28254
29997
39817
25099
8355
196
16583
24836
12877
2401
40494
37645
13991
39677
22112
24710
6962
21175
18344
9789
9699
35471
9641
18468
34734
21074
38609
30252
42733
15089
30897
37005
37815
35635
13735
14618
41924
30874
43373
11035
2198
14160
20849
46681
24710
45932
15976
10801
18113
25674
18023
3187
43605
39907
37677
41008
10073
29343
46992
44848
20724
10957
1414
3574
37036
10327
19816
12593
42418
10593
29478
22219
46777
44824
42414
25678
40198
9602
49357
47241
23237
17418
17442
33723
1573
30587
33809
41962
8674
37237
24593
19027
26396
3018
31524
42753
30351
1627
28471
13990
27352
1592
44393
45898
10036
24501
7563
29
48423
22086
44228
27729
13446
18846
25270
18321
39205
43954
46823
46397
16246
33775
6567
12186
49598
42173
38145
36376
5986
16538
5133
45986
30831
11120
32039
43108
35702
40854
4906
12181
21312
42445
23259
34635
36750
40376
21426
38981
8559
3242
49980
26280
39467
12685
31053
33170
45131
12439
16239
45451
40366
49882
38646
29805
23112
14504
12070
47362
3522
25255
30060
36964
25496
22152
15232
17921
11650
6035
43454
32541
8042
37506
42217
21529
31110
31068
22287
35870
1960
40971
17872
11361
47218
29882
40012
1089
4041
41356
131
36498
4916
1253
40796
29293
27760
9377
35526
37261
17456
125
33750
47185
32811
26605
10400
20015
10811
22022
25004
272
41590
30544
31138
9116
15198
16785
7454
5904
32196
35061
8813
12889
33942
960
18352
38683
16531
11463
3320
41581
10299
9245
45752
4349
20249
29375
7190
41894
31129
1820
39748
4628
8036
21687
9222
3527
20777
45527
45214
39746
45565
35824
9354
24055
20903
42412
38029
17571
3173
26678
10795
19786
47630
37700
1003
13315
35740
39842
15930
30937
42179
33388
390
2809
37272
15739
20610
40598
43757
46186
28274
22153
7455
19415
16028
19049
44062
41613
10476
3806
2781
958
20810
27438
22259
5023
19331
19185
48743
16580
45687
42212
634
48495
9721
12338
7861
49734
4507
10256
30253
6529
38725
14052
24310
37247
37526
18229
26058
27853
15673
49122
6602
7694
32683
37959
47826
45469
44067
37872
1636
2138
37746
28262
12846
45690
19966
46553
6615
12462
29313
21841
47403
34206
23969
17683
39401
42532
4608
30130
38694
5502
36713
12152
43273
38604
21882
35161
19679
8954
20799
3623
47419
28789
21492
14242
18021
17009
44269
28816
33392
21670
21001
48562
22456
4067
30429
11542
11557
46548
48991
44018
34358
14106
28754
7546
28025
1612
30822
8211
18328
5264
6731
42468
2649
18379
21027
16071
26297
11844
14909
33754
29680
3054
24292
46152
29417
35285
33358
17821
17410
33988
2369
38146
32792
12457
26511
21058
20732
36835
31001
25180
28155
809
13529
11840
43152
37887
41989
30401
3822
11806
38564
13541
46310
17911
46879
22086
23242
25426
34086
13729
5222
5314
16249
8647
10145
34745
17413
44503
37683
16857
21322
463
15172
6291
37612
37201
11048
45551
24814
35595
16685
8903
27941
7097
37239
4452
8406
31903
8805
43574
12246
48945
41425
1960
7168
19081
24960
4219
18716
49320
35241
11225
26875
17540
47411
44954
41938
12204
41880
48562
9353
46269
25255
36632
44821
13239
25896
15984
11137
7011
23305
8235
29727
31003
32229
42018
15917
27655
45768
30967
22976
6462
12993
26589
1189
7191
38972
10503
21135
49083
39752
28294
29251
48381
37580
1589
18794
669
8209
44303
47635
42451
9508
39142
40448
32734
49149
16479
25485
42920
15898
8370
33436
4498
6626
28110
47358
12781
47133
16203
47624
29358
2797
37681
25471
36355
48151
10981
2514
40686
8947
15874
25076
3470
44894
9692
24271
39989
29911
19259
18500
17345
26819
37359
1137
33391
13241
38196
49521
40474
7645
11420
44874
13782
14934
46690
9432
21717
7057
45456
39896
27179
3139
11576
46128
26661
24509
29883
11822
12540
13477
22087
31345
34544
4660
6570
33214
39711
30246
27163
554
17478
25803
44159
3631
26551
14644
23925
32515
32845
5643
37590
10932
836
24287
2168
19646
37355
36688
9130
27278
9084
550
44215
45633
1305
27342
23083
3009
16887
9655
3124
46103
11232
45922
27483
49814
44961
38550
779
38977
34964
3979
10295
28222
26264
1015
35895
32871
39479
22070
33289
41583
4900
5855
23490
5229
19809
36183
3936
32537
25588
14113
28807
45863
18535
24944
38216
14682
10208
971
27792
38903
30917
47490
4411
37956
27687
29498
26622
27915
21266
48682
18049
48231
24043
43228
20870
25326
3081
44600
3606
15945
49903
46698
44364
31484
11557
12158
29669
3309
1650
34218
4462
39973
48186
35305
40509
19740
26522
41376
42544
8582
10637
23237
39852
22823
31191
6670
28819
3345
39684
6820
41102
40797
21196
36407
35090
41043
6311
27139
48469
13966
12202
37380
39513
6770
11748
29025
44703
5456
967
24332
9408
4796
39627
5608
22901
20597
12155
2799
29605
3923
3709
39561
16037
45031
25113
21944
19374
1230
13727
2732
897
25107
7396
13413
39057
16730
20465
23451
47868
22757
47835
33677
25600
23837
19055
31551
15459
5942
35606
30759
2029
32757
38937
15917
40387
4732
9396
13356
2683
24581
49332
1369
41158
33816
9437
1637
46730
7196
10923
16906
11325
23204
39234
21283
11683
39762
44891
5828
19615
15684
19361
43906
38560
13715
13965
38417
16753
43465
48095
30849
42993
33246
24128
1556
12462
35338
19080
3682
46045
32211
25501
25316
48437
12226
38852
34783
45110
37525
10494
12483
6019
49260
48444
29018
1343
40767
37063
24888
46229
19971
3061
39774
36339
28806
31267
44676
36216
8695
12656
11772
188
23326
42401
47602
29906
15537
20294
30628
18300
1328
11299
26250
33219
9484
17811
8430
20202
9117
45517
31555
17195
24406
9079
11275
12175
37183
31788
43393
5497
27282
6144
3041
27329
30578
30704
22628
11121
14946
13664
25086
7724
47042
47434
41018
42603
42694
35398
27011
347
10307
47233
32109
46708
9959
34837
48001
47652
49830
12628
16235
49587
12547
25169
26994
23619
27563
10495
1302
13604
2103
10818
12610
3544
26154
41456
23343
20052
40449
20913
849
551
3430
19821
39656
38394
1564
36376
46064
11984
21727
23188
34118
40065
46910
27449
16712
17615
26857
3940
31149
14473
14882
29285
25543
42586
5412
23950
14267
37144
8659
14853
3478
35343
6307
8822
31558
11325
33799
41917
46224
45242
35196
21488
11327
17018
39772
5534
44833
20795
1680
26600
41292
432
22202
48939
38052
12929
38047
29050
46922
32766
6382
12098
5039
17111
3891
37372
37366
39966
21801
29383
23476
4129
21248
32879
32305
31366
44080
5233
11297
39524
49874
20865
12722
19827
29027
44423
39055
49947
33068
543
8514
17275
32484
21138
1722
40239
16779
19455
31521
38124
23340
37757
17043
48310
42723
26338
25253
46744
39060
25433
21786
42391
4074
42600
46949
11894
39537
9127
2374
3833
30326
6976
36892
45952
3816
39624
21584
2872
44864
12099
15404
8907
31567
32645
26911
3608
11209
9910
22258
48998
1767
773
14529
6039
28264
27827
3094
17300
47140
49503
47985
3172
2326
24231
20435
5251
13668
3999
16738
25180
45963
27968
30832
40410
27680
26640
17286
9827
32783
24021
5885
30049
11048
36680
38550
49470
10817
1457
34558
11127
1956
3474
23667
34939
22995
27258
13317
31082
15532
10431
47842
11854
14717
25898
4460
1500
6298
19721
18706
38013
10688
11764
13624
31844
49107
37804
15991
30221
7196
35578
13153
41598
11238
14238
11680
4290
34150
10450
48943
8631
31200
5111
134
27539
39618
32668
25651
46243
33800
48269
15725
37082
27804
24613
1909
49774
19613
24713
670
43853
34220
25437
5819
2033
40000
20962
14156
33357
47649
29299
33701
30260
27386
33663
40653
28541
12241
17593
41552
22077
40332
30297
33027
27379
25617
42529
16711
9084
23769
14747
24096
13395
25365
8545
11364
43740
39736
3816
41152
49665
32410
34625
25384
15667
26352
23705
6983
37252
5806
6323
4789
40750
32857
34155
6935
14950
45488
26441
9622
38426
9452
8371
9918
34155
7361
31272
37803
21490
24539
9173
20658
4097
26816
36774
29593
17906
38349
29127
24484
25929
40572
46522
31534
28856
40406
21665
12062
1047
45465
22159
7690
4979
18217
4879
44829
1412
11693
35813
42598
49186
4116
19363
26050
45287
6600
16012
2021
30689
36240
23916
39038
42683
24836
40064
3475
33424
12899
1581
1317
30933
1268
45077
11243
9462
14838
38530
22798
39344
5165
2520
465
4276
11391
11865
32538
39220
17308
42107
35391
11634
9812
36047
22717
25685
39835
24197
24596
41578
30216
48455
3734
45772
2751
43192
34702
10467
13943
20970
27053
18746
10323
4453
13729
22293
4344
45338
27648
10829
11508
27244
49702
22907
35638
8530
21127
4343
22541
23240
11946
14854
1701
33659
17774
15481
35226
34148
39529
48024
45682
30465
23651
5564
41446
34366
16111
24374
20983
28037
27877
28856
12002
2596
13470
18186
38051
10883
31895
15618
15101
31748
23691
30913
19520
671
4317
5216
39605
2523
40840
14122
21282
19786
49366
2385
11155
7083
23400
33355
46169
37114
15742
23607
13474
27386
26256
4121
25365
34741
29826
27421
16500
41088
44178
27255
292
43530
1558
42076
38550
25598
38522
40304
13894
9913
35633
14751
40266
27798
11833
11211
2312
10636
20487
41185
24522
19211
3806
49788
23600
34135
28520
7086
26969
33698
16925
45038
21420
41387
11165
30144
32271
7823
16200
5094
9705
49897
34169
35584
22840
15826
12542
14291
45801
48510
25399
27294
17997
37487
21175
41298
2803
5092
36665
12210
6791
5540
22750
3241
35072
18190
13684
30532
18777
30024
39999
3922
32125
18688
26455
41486
12717
22039
3617
1610
31448
21996
3447
46295
47415
6396
43699
47929
14363
17770
45376
8737
15219
22796
13467
45026
4757
13343
25987
5279
30970
44426
11813
12215
2048
17921
9486
21279
17424
3952
35122
13147
48984
35674
22669
4736
1425
42899
21921
45266
9110
42451
44016
9551
10700
47731
47103
18266
29900
9930
46514
33047
31156
3104
40850
28295
36638
20494
44916
22339
21157
26440
8184
45569
30718
24139
34042
15859
797
4878
29578
27990
18763
25445
37911
5520
20063
8627
18114
30349
22802
22502
21162
31526
36699
31468
2492
12520
17696
3454
10079
3341
42629
11397
4339
47572
27258
18253
42137
18936
12753
3681
43686
37090
47803
16246
26550
13192
42339
7357
46457
28528
20676
19952
31713
9500
4035
48639
7737
16832
38106
4985
18133
3481
42797
24160
47633
12485
1573
36890
32205
11573
22742
44210
45684
42583
13619
16258
18851
26792
31392
17501
11268
13283
38388
5720
18588
24167
41150
17539
2057
46018
13503
3373
12904
29566
48756
2333
40322
47766
45328
18413
77
38107
23941
39996
22108
34047
43298
23760
28419
6685
47615
6559
45175
32577
3765
19250
44225
43193
3312
39200
14428
15003
21458
11114
47380
31734
22213
25095
49969
37525
21514
443
37085
31907
28903
13921
45828
26173
21780
35507
18930
3573
47637
38250
33141
14803
1510
34384
28214
4616
44186
21131
49786
19098
41296
1235
36658
7148
35737
6292
6086
39855
15188
35960
7871
17193
23796
47674
7433
5400
24986
15640
31141
8861
32156
27991
22272
2014
3668
9033
19502
36673
20128
21591
42142
29978
37701
11068
42160
23756
17583
33730
45739
22936
41435
19310
8249
35865
9394
39901
29051
24382
3688
43649
36882
38076
15041
10163
38181
12638
48184
40813
3459
41046
49833
16567
33491
38995
11014
5864
19562
2092
42604
13928
2603
12790
35881
43370
48943
21826
28681
46587
45156
32363
45847
35431
7503
4916
40158
7111
26545
14018
10780
5370
21189
42953
30659
34786
32140
37668
32101
22766
6658
22841
48382
22346
40901
26395
46130
11633
41366
1961
15811
6501
25443
12537
37234
24402
2142
22558
48058
2599
35158
28614
47238
38260
11809
30163
24328
32929
34158
11830
4382
32956
30688
17993
31226
48956
14199
24647
35829
39716
14272
49693
21810
42141
30463
11321
19936
40089
32988
42288
18310
47952
45710
312
38102
31531
12526
21878
11646
46485
5005
26834
9214
40832
34532
23171
7723
23815
17876
21653
45333
22723
22279
27707
25270
38348
6722
8066
39545
30837
10127
7948
7384
24125
35630
35454
1322
35298
41129
34802
582
22596
21505
35672
10686
13184
43190
12723
22388
49523
26407
45005
25003
426
29809
38071
23658
1036
46835
47596
12423
31453
27132
36626
45574
1539
34914
6287
8221
48018
2080
33394
15233
45081
28729
9131
29402
25917
28328
16141
19342
37008
12899
5624
42422
16252
38919
10349
22740
2363
2165
11588
43342
25452
42023
36762
33278
20198
31250
21753
4107
39064
32299
30727
11444
19213
17449
8066
10289
11893
20934
41172
21296
39028
28309
45455
6477
1046
18694
5529
13148
41827
11715
49600
37988
20662
30856
16515
44642
18750
10304
22636
36437
23319
11054
48017
18960
22053
8352
20757
7024
24595
26308
32352
14453
13203
28171
42693
34702
10068
18315
33463
5700
21707
46802
29947
5339
25203
22122
27321
26108
49828
48421
38272
24184
35410
31161
45214
27805
35430
3096
14600
12553
17878
3344
5842
36088
7592
7104
37002
11414
21476
15221
46785
5611
49510
15553
48839
27942
37601
24136
44060
8959
40914
23568
23562
17685
40288
25165
7385
35014
35479
39971
26744
1832
874
13991
13768
40113
7177
3554
49599
46564
34226
39774
11222
29634
37169
13429
34139
47834
38865
38528
29754
26171
43542
7027
8802
31767
44555
32764
31121
41323
47290
5136
22673
21478
3884
8942
10967
28455
33117
21172
42937
43752
23397
38038
5455
19227
12016
5960
23512
23202
12309
13606
18108
26253
26937
8454
13638
31095
7040
4608
49235
9786
48229
43296
1871
1953
16592
49471
596
37710
31640
46140
38482
46936
25936
46542
12831
4061
29823
37451
43041
2409
31483
36559
32196
28580
44956
24464
12968
11795
33436
28192
5440
5005
30035
36659
41027
42566
29013
17721
14582
46982
17762
12711
34138
13354
34088
23046
20152
36920
43069
49345
11400
38358
7423
1535
39770
28565
36962
39527
35039
18826
10218
1675
39884
25942
10848
13000
20549
6145
19808
34351
4188
4028
1423
32260
9618
35789
37515
46327
48536
32078
2828
41900
22717
12477
39301
47497
11551
22222
6862
20847
6970
4085
9563
48549
22064
45730
30448
14622
24115
47549
28676
5593
20099
49186
42793
22788
17339
42283
3321
43756
42538
31030
6138
6305
21558
28378
30140
45208
21388
23559
4069
45688
34758
29879
6416
24173
18219
26696
45790
39730
34396
6568
27728
46980
27330
30138
14429
15614
17567
40800
48016
24152
35002
1206
43194
27370
16161
26830
44283
30306
39575
7573
29739
16730
39796
25584
29599
26007
4473
9182
28766
20013
39758
17890
33798
30365
6052
47750
26411
29623
7640
9354
9975
7814
45026
4624
36156
26125
39151
48667
22280
9458
25603
3536
12994
48019
4075
34205
30153
36586
13616
8549
754
27829
11729
16812
21387
12312
43152
8677
18026
40357
8831
29385
41378
37523
15627
5156
36691
22587
1089
2462
37403
9941
5576
28534
37946
44493
6077
36817
42606
37258
48986
40169
44341
38766
29196
19951
45075
37301
11950
17974
22193
40184
6173
41376
24767
36462
11708
29151
24700
23513
31597
31526
18008
2367
44760
43311
10616
40968
41337
36675
44426
15315
20334
2236
3135
14241
8124
30597
20294
41665
18510
46756
20160
10429
27943
11236
6606
17056
48237
31418
34378
3128
3469
49470
609
29589
21261
25261
4447
27477
6589
4058
5589
21852
5479
36884
14572
23168
10406
9606
25753
34577
33943
10530
15141
12257
39471
26073
23784
36005
17340
22060
14972
24356
26483
15330
2683
24198
25431
28680
28056
19336
35761
39612
46396
12815
1596
29428
23148
19257
45440
46838
43197
43558
47035
29038
14983
19663
3971
26304
45962
4306
3630
25935
47199
8379
12935
15482
39575
5375
4060
1567
21595
10525
19677
36565
42928
12239
34180
48532
7736
26226
2025
48222
26192
26352
47852
9175
25750
5610
8857
23797
46553
18076
17858
8292
13474
33121
21322
8244
786
32691
44400
47287
32623
5011
5793
12543
22719
15566
39313
23312
36947
27874
31126
959
21419
20013
30308
5724
31019
20035
42820
43562
41110
32849
34614
28866
46992
45244
28441
5127
43764
46695
4707
38070
9799
45109
20576
17992
10048
11441
28192
30779
20238
12527
3538
23600
16014
10996
7606
35485
13680
36744
47386
31372
40957
25546
25710
6910
5614
43902
24970
19509
21801
34555
38599
46362
31792
8930
34790
30460
31129
11683
1893
22618
110
49294
17998
6291
47070
8680
29983
46053
17032
1702
2100
42139
37407
24099
9611
29290
8758
36493
10585
479
6398
39475
42867
45461
45137
49266
40462
10474
6352
45360
34236
34925
25582
1624
10804
21312
19605
42296
46966
18417
9962
49228
3584
46991
41983
66
13554
33057
42541
44982
798
42712
23675
1353
29816
12071
33428
762
46768
7887
38362
38130
35037
20470
46047
45225
32706
42105
33767
6307
22036
17148
8657
34666
39428
44683
26976
38060
44143
42469
12981
5113
13047
8276
40163
10585
32030
27835
6098
24827
49947
20364
4065
13858
25343
30148
25482
11892
43571
16450
11356
12345
11951
31474
9482
19944
12307
24400
36423
27256
45945
40817
20073
30978
31402
27940
47794
36175
13772
11619
20528
28183
3853
17493
44443
17484
35389
20777
31429
21047
47705
49142
28
45229
12753
47261
49178
20466
49293
24696
45923
19678
49893
17988
26256
24033
29560
24797
33946
34203
19981
1208
8508
23557
9252
39478
4188
40149
46710
12171
47412
22352
16535
37953
34895
48558
37950
45410
10257
31187
10163
3103
32526
5100
10972
3837
48581
13493
12002
19051
46216
13885
25979
35741
40934
48491
18906
14550
21948
46464
34992
2702
13377
26511
1587
16355
43393
10852
1708
13315
6674
31713
4178
14156
32486
3999
27922
20330
2494
20237
7900
38525
38660
17622
36705
20398
40669
25286
13371
6763
9396
30739
10593
45609
28148
41374
42474
46762
32260
37693
1436
47311
13562
46334
31094
41160
11121
8590
41820
13576
42024
23867
41342
48785
24055
14233
19378
11820
25499
33385
32222
42520
25702
10942
15706
25301
22796
34993
40138
39713
7349
45229
1365
43759
42170
44504
23626
15005
6561
6682
41114
26450
41111
20373
41356
43585
10411
18398
32645
36635
24545
5183
8267
14094
27164
3213
3306
33308
14546
46310
35342
17240
40832
2422
5434
20465
14782
46107
42331
30674
12091
15722
27485
9909
25494
43223
31112
28690
49204
22882
1554
39008
15560
45637
24804
29754
9959
30185
37710
39661
3457
43844
32550
4223
9877
33546
30286
17496
31382
3986
4809
4207
23448
24803
9828
1252
38108
17932
2119
18251
11531
46470
30997
39292
30028
34912
33860
46437
40644
32395
19498
19245
13540
29969
16839
38309
46606
40961
19563
32570
7583
32729
3026
7273
3283
41560
19112
40413
27244
46254
47230
48931
21938
17056
15585
36778
9968
8436
48579
34317
957
45129
20818
15208
12882
29021
11316
15764
2579
20119
4255
16618
30263
18527
43856
6532
32776
46085
2656
1070
37711
26496
20022
13786
39959
43998
32124
18066
47537
12645
26696
3752
30168
35708
11240
19387
46573
4898
29227
47621
38894
13941
4450
1371
44413
22224
40624
7172
46690
46824
3039
24062
40097
48594
15771
18372
43529
24484
9675
38912
17666
207
27335
1042
31229
32522
36383
35947
48496
3896
3448
45537
44448
34302
7901
19848
49139
34950
5214
11434
979
16034
29225
40731
38396
18945
42068
37219
45353
4884
31326
47231
11554
24715
41185
11742
31368
29595
15081
41044
19205
42854
41063
10122
3467
6894
24614
17434
11297
29759
33578
3047
5242
42444
39621
25588
42496
13520
7738
29098
3720
24284
3915
18712
8360
42971
42082
33808
863
43095
43936
18042
14622
20722
21250
9769
49153
16310
4647
3296
3952
18417
31285
47266
44133
5409
16907
49826
42527
48298
48826
23472
6208
26485
5647
34404
16897
26111
8210
43407
9725
48427
28059
26438
48527
46859
9576
29595
31646
45832
26879
17028
29809
31361
25872
40372
11229
43242
45482
37126
18957
8410
43640
19774
6319
31897
11056
13045
44069
33599
8195
6669
25181
30384
30989
36676
41290
43183
6374
8065
8778
17996
23384
33402
9472
48293
8408
14157
33078
38631
15524
15134
20240
25069
38220
44234
43484
5117
34772
16465
2893
25205
38414
13082
4940
43534
752
31527
46877
171
6062
36166
21089
22142
9020
22765
36947
44852
23095
3365
25202
9979
35610
2227
39314
17834
49090
18994
35098
48796
2323
48038
44639
9554
42711
3090
1004
48980
46593
36838
31268
19656
7002
48527
13963
23814
6694
105
40364
25412
27909
33312
49740
8324
45005
49369
25197
38501
15411
44156
34276
34976
18073
381
14690
9521
27054
3203
22974
25293
27298
26022
11174
8359
28321
46613
9828
11696
12086
20171
6224
25314
12063
17021
4569
49206
22852
12550
10194
15093
13086
30884
44639
22752
17905
15070
7606
45434
2545
37342
40742
12498
9016
37081
6471
40511
6230
36492
5666
12033
14219
46057
39749
22756
35044
34141
29762
39829
15459
18696
47354
28158
6339
37262
28086
29544
47684
13399
5967
21918
22380
37502
38426
25215
6414
44159
4403
39271
36777
44334
20824
35564
34600
45410
35294
10250
15813
6294
28202
19846
31311
22476
9196
19136
61
20132
7727
10608
16732
49088
9004
1291
15964
39812
34228
47746
42391
46124
19028
28711
31125
930
5661
17571
44385
28896
44105
21910
48147
36030
4513
22365
5806
3191
29938
42732
12543
31464
18107
46437
29051
1580
17611
5791
16019
21018
19631
6392
32120
6021
48875
35652
45855
15310
45887
2269
18961
23327
2943
3493
38149
26604
40527
30447
38562
14240
14035
40018
10058
17693
24990
37622
3567
18633
29394
514
42810
4695
39929
46295
40303
35170
41215
39874
24264
26919
46636
31907
11482
28391
17255
37101
28386
10324
40924
19868
8792
14010
25669
17737
12876
20040
23792
16871
16207
19831
21211
18008
27240
1419
21748
23827
3649
23763
34414
24919
35750
3244
325
35110
706
27313
40133
39459
8246
21574
7326
26385
44716
33386
38173
17683
37674
20753
12329
379
13192
20560
48697
6621
44304
32785
12732
39578
46748
21620
15443
10692
14398
3213
8090
44545
24721
47083
41705
690
22078
44527
24861
22373
16142
3778
27953
32567
37162
3870
41031
40060
28214
30792
49269
36055
19323
7974
37986
1784
5122
39704
7600
11222
11334
1183
45455
16071
1196
6037
8881
47402
8040
32885
3435
39191
11916
48713
48579
42379
16989
5427
11043
23673
11885
3958
46765
43048
49152
27926
7657
23439
22306
14345
7424
35588
33447
43547
19938
45778
133
29182
38970
5379
20328
11961
18818
16491
20674
16872
45896
37130
30184
12669
23490
26045
41725
7468
49370
43324
17401
36190
11487
30399
1418
16820
44161
39549
36907
20427
3564
41979
16362
12114
49752
29395
17505
42687
40904
17909
1590
20234
14520
45144
10242
37963
46560
42716
35167
27216
36398
6827
20819
48106
17326
46782
8393
26001
44290
26015
22513
28056
44083
15029
45356
12859
9684
7496
21233
10521
29435
39364
49934
4417
6031
42603
5932
27994
21079
28216
28792
43604
49158
44058
30791
11532
38913
8586
16430
10683
8438
13726
3124
44442
2430
27890
40071
42172
35970
48493
14719
39540
40063
21355
43712
35802
30422
31465
48370
1509
49233
14455
35317
45752
7387
20997
36978
48585
47311
4385
4414
48791
15754
10111
43260
10056
43152
23109
18625
11334
15641
40623
11414
12521
16019
13743
33579
23731
33680
4834
28771
7191
11648
33978
2405
20047
31162
26155
45601
40168
21933
575
29714
41768
31351
10635
8986
17262
18595
45161
23848
7887
31049
32169
26152
12358
29514
2376
16224
10459
40279
38304
39623
24081
40522
37429
39732
3477
5263
39813
37387
10716
37577
47395
3993
13531
6253
20147
8156
44876
46577
24380
30616
24815
8756
45165
46488
20064
34475
16342
45322
949
33796
28561
16306
19459
31663
41722
46919
5186
39544
31500
16589
5305
38371
16784
44946
44739
35300
45548
45736
22940
36937
32387
44899
43896
29942
19548
5792
39653
25505
11947
49110
11566
25104
26730
24001
16516
49204
12143
4512
46863
38141
37814
7804
16426
22978
4084
6019
5593
21001
13083
16915
27494
12278
48347
11822
32477
27204
45761
47063
34958
47732
32404
49032
8629
38500
39388
34044
1057
32525
28708
22676
9199
27656
25728
30614
11971
47460
20462
27939
45101
13432
16266
4958
22852
36447
37545
24129
31457
10269
22247
40423
38458
11304
12548
21774
642
25621
11300
15368
27153
45556
40943
4044
7324
15621
35019
43197
37836
33327
12315
42561
18858
38970
8288
1132
3091
33118
7231
29804
25197
25309
27507
17696
42758
30154
45380
43156
15208
49774
35524
46685
45489
25841
43767
14321
34727
32274
21430
5479
30203
43412
45660
49842
992
12101
25497
25370
15888
4620
38737
38515
905
44828
29736
42023
27609
94
35756
6024
14582
48522
46580
15422
38684
15043
42185
6637
45534
46046
32033
24638
49117
8898
49939
5027
43108
14615
41077
7042
13797
3781
37538
23676
887
16526
28359
30612
28223
43921
33333
48485
25416
14342
15294
32058
31199
38005
9212
16756
19095
19605
6065
6477
23310
5171
45467
16307
45881
16735
26466
20278
20701
13519
30676
27822
36745
30012
5144
36941
16400
5395
41306
42838
15842
41121
47252
8616
25475
9232
35334
30861
12406
28293
46163
46406
45461
45085
2905
2605
24946
49838
879
16872
10339
37923
7144
6633
6301
261
36186
18023
29287
30594
11784
34751
1721
13390
38595
37774
515
30246
32433
7792
16788
25845
21113
10264
27064
36044
29670
35835
44273
9023
10296
7943
17443
2143
25631
33615
25655
28139
47059
15777
42405
38066
9476
3734
28708
48891
18850
47338
9969
10396
17907
17829
43915
11597
6496
37485
34858
13220
46907
26848
40427
38905
36458
36765
11857
30581
29387
19978
20355
34470
45446
7968
19598
49024
5625
47214
30811
38467
17031
39113
34873
19191
12528
1770
7557
39716
49113
26903
28814
11598
33958
12540
8872
34108
45326
8499
3872
7479
27282
2838
10270
43537
44628
17259
12294
40742
41466
36589
19514
38809
26518
47257
23000
7716
22718
43775
25780
14032
8963
15115
29201
42810
5126
48289
31567
2060
29845
4512
8479
17598
9856
36798
45605
3131
6926
29647
29327
22233
11861
43688
32471
27004
14912
44580
9152
16703
45698
36275
7392
30186
32020
6796
20275
41612
7910
19249
4234
2486
37575
24807
34074
15393
38888
39967
18524
29729
5185
36899
42203
44572
21154
4676
19939
8616
48854
35531
31780
13102
17012
3521
19742
33945
11334
15046
21692
26721
2670
11199
32181
47268
38125
1810
44447
37545
7290
30597
18412
322
25523
32903
14295
40405
45671
20764
6601
11890
6877
38650
7512
29674
6098
16506
43181
26202
37420
25653
23251
37389
27316
16334
35653
34457
31844
39609
2734
14416
741
32888
9356
30878
31567
3978
34988
21593
31014
48202
49107
41843
10735
21390
46030
23142
48709
8413
47461
38146
24226
20083
21194
49289
30619
38620
11793
26162
32202
13410
5986
29113
15377
8646
10143
27745
10799
37132
24149
36567
234
42621
7431
19026
23386
6542
26682
10601
39338
30447
6536
16459
42199
38779
48610
6331
36710
38624
25125
48074
33445
28424
4678
47157
7401
25901
5358
32942
44226
38994
1314
49259
40991
17835
1624
24935
47800
1511
3369
43063
32069
14580
43578
47181
48071
23898
37102
9009
17750
32747
27155
48850
37918
3088
49384
44097
41360
21077
23577
9098
38512
35478
41088
14081
26823
20972
19531
12643
34471
7398
29446
45439
21303
31378
24070
11149
3621
49136
14490
8914
9119
30448
44392
32600
36447
35353
242
46269
33165
17178
34405
47784
41188
43704
6033
17533
33514
19501
45402
3029
16223
45521
47220
11566
18488
12349
11142
33170
19063
35081
35197
6204
38798
4976
5694
8496
25800
2146
41954
30048
12277
23826
29600
14514
43345
40018
40803
38430
979
40890
40552
43442
14889
8702
23576
21243
47415
26339
4004
33948
15885
43535
44271
1561
38659
20229
25830
43855
25850
19460
28108
28138
34606
30772
44052
46557
2632
12490
2996
17975
32267
43214
31744
27395
35217
40859
19009
29769
27718
39717
25511
8852
29943
15397
2839
31428
39874
24252
988
28806
16155
513
15899
23241
10513
18326
33636
38710
4159
32822
22848
1001
41418
12273
44489
2085
28308
42770
13307
47082
7965
1733
31808
18569
40433
6126
47832
14441
23956
15119
23955
5091
17170
2631
17488
14935
34405
49272
12536
48902
10839
35248
18081
203
44318
13748
3783
10512
49492
12629
31772
37540
2157
28705
45858
37579
20604
4554
26570
42536
15910
37838
21227
36891
14076
30310
11333
36118
27830
4942
33017
25285
49292
4181
18269
31421
20608
29401
38864
37478
28530
5775
41003
7498
46865
48234
37785
7883
11833
29905
27566
31588
28877
35995
35118
4156
31282
13956
36264
22325
17557
28509
27484
48849
10853
8262
17722
41885
2404
10865
41683
33416
17183
31232
2607
5729
2179
23630
37166
15985
33735
46985
26843
44868
18366
49166
39272
9915
3292
36401
719
40313
46871
26487
35701
4250
5137
9590
119
26270
28519
21163
6461
24705
32361
21161
8217
9916
11688
1946
8704
25135
29745
31468
31569
22437
25410
45161
6866
26886
46453
40287
9261
26216
7147
47398
3524
3788
22732
29681
2337
17433
3117
35276
3168
10123
46925
3290
10285
14591
43544
36086
15077
23919
10475
35630
46035
24038
45641
11490
38436
22027
15146
47161
14366
20014
32914
38532
37795
16720
35252
12272
29064
29376
31314
39450
28404
11985
27826
26113
46055
39675
15769
4635
12092
39539
20444
17373
22130
8012
44648
46584
23214
36233
25909
8963
15974
8176
28725
43187
25779
16931
939
31142
10924
46019
1470
33134
35633
1180
29856
25101
33831
43522
588
29734
24357
45664
48825
27765
5426
46767
28543
36722
32722
22688
31210
6262
31420
16969
5170
45380
33055
2412
27252
9248
31841
24509
23725
5632
23473
34824
33048
33193
27054
9933
32130
32753
11402
15140
19916
17832
1425
46500
31185
6164
32209
15362
10122
36548
20049
20772
22720
49993
49122
32479
20159
24804
6564
31937
45067
702
16189
35370
16161
26937
33648
40542
20934
596
20766
23030
14010
37935
9068
25384
8345
25881
876
31058
44605
44033
4248
16660
46729
43675
5696
11874
35218
28171
16858
49114
10571
4012
18894
47115
27653
33616
4255
37824
22026
9967
6738
46126
10581
19442
11674
6056
758
14215
29306
20100
46234
20010
7966
11721
28137
42143
35994
25387
33690
3807
46269
14828
5630
7085
31105
4218
11637
14583
18924
8007
47400
48232
47639
19474
2465
30654
21447
45157
18997
36096
24069
21317
808
14446
13077
43133
42653
21934
31217
2345
23082
2985
10968
12276
30144
26686
22642
26780
24779
18557
49495
42010
1102
12477
28563
46292
29818
9692
45300
40976
12555
14732
8451
17813
25052
45333
11947
43428
40698
29641
23682
1168
26544
49473
29385
42308
13838
5691
30083
21263
38764
19162
44300
43549
17956
35718
12110
9338
46618
48674
16163
46617
35433
40833
29653
34925
35570
36890
48079
13872
33541
42635
45316
9560
19413
31387
28640
8354
39821
19296
30651
22643
10264
24190
43441
21112
12468
9192
24753
15668
9962
8996
6893
40790
38664
2241
22381
8195
29526
5174
23527
33526
18074
38165
37870
39355
15259
41980
26421
24632
31679
14484
15567
15360
18750
35262
13027
22267
4490
49022
